2.0,1558841020863.0,-0.33984375,-135.0,-714.0,
2.0,1558841020866.0,-0.33984375,-134.375,-711.5,
2.0,1558841020922.0,-1.2099609,-135.25,-713.0,
2.0,1558841020926.0,-0.16992188,-135.0,-713.0,
2.0,1558841020927.0,-0.33984375,-135.25,-713.0,
2.0,1558841020982.0,-1.2099609,-135.25,-713.0,
2.0,1558841020982.0,-0.33984375,-135.25,-714.0,
2.0,1558841020983.0,0.5097656,-135.25,-714.0,
2.0,1558841021042.0,-0.33984375,-135.0,-712.0,
2.0,1558841021044.0,0.0,-135.5,-712.5,
2.0,1558841021044.0,-0.6899414,-134.625,-712.5,
2.0,1558841021102.0,-0.5097656,-134.625,-713.0,
9.0,1558841021104.0,-0.6489258,-0.006778717,9.78125,
10.0,1558841021105.0,0.11328125,0.47973633,0.033843994,
2.0,1558841021105.0,0.5097656,-135.5,-713.5,
9.0,1558841021106.0,-0.6489258,-0.006778717,9.78125,
10.0,1558841021106.0,0.08935547,0.4272461,-0.009223938,
2.0,1558841021110.0,0.6899414,-135.25,-712.0,
9.0,1558841021111.0,-0.6484375,-0.0064353943,9.78125,
10.0,1558841021111.0,0.0960083,0.40039063,-0.023620605,
2.0,1558841021163.0,-0.33984375,-134.375,-712.0,
9.0,1558841021164.0,-0.6484375,-0.010536194,9.78125,
10.0,1558841021165.0,0.07684326,0.35913086,0.052978516,
2.0,1558841021166.0,0.16992188,-135.5,-713.5,
9.0,1558841021167.0,-0.6479492,-0.009315491,9.78125,
10.0,1558841021167.0,0.07165527,0.3100586,0.052947998,
2.0,1558841021168.0,0.6899414,-135.5,-714.5,
9.0,1558841021168.0,-0.6479492,-0.009315491,9.78125,
10.0,1558841021168.0,0.085998535,0.4128418,-0.040405273,
2.0,1558841021223.0,0.0,-134.0,-712.5,
9.0,1558841021226.0,-0.6479492,-0.0074882507,9.78125,
10.0,1558841021227.0,0.08081055,0.4326172,0.00025773048,
2.0,1558841021228.0,0.8598633,-135.0,-713.5,
9.0,1558841021229.0,-0.6479492,-0.0074882507,9.78125,
10.0,1558841021229.0,0.08557129,0.44213867,0.02658081,
2.0,1558841021230.0,-0.16992188,-134.625,-712.5,
9.0,1558841021230.0,-0.64746094,-0.005935669,9.78125,
10.0,1558841021231.0,0.08508301,0.37597656,-0.004562378,
2.0,1558841021283.0,-1.3798828,-134.0,-712.5,
9.0,1558841021284.0,-0.64746094,-0.005935669,9.78125,
10.0,1558841021285.0,0.034820557,0.39038086,0.024154663,
2.0,1558841021285.0,0.8598633,-135.25,-713.5,
9.0,1558841021286.0,-0.64697266,-0.0042762756,9.78125,
10.0,1558841021286.0,0.082214355,0.3984375,-0.018951416,
2.0,1558841021287.0,0.33984375,-135.875,-714.0,
9.0,1558841021288.0,-0.64697266,-0.0042762756,9.78125,
10.0,1558841021288.0,0.101379395,0.43896484,0.048065186,
2.0,1558841021344.0,-0.8598633,-135.25,-711.5,
9.0,1558841021344.0,-0.6459961,-0.0024299622,9.78125,
10.0,1558841021345.0,0.10797119,0.43725586,-0.011810303,
2.0,1558841021346.0,0.16992188,-135.0,-713.0,
9.0,1558841021346.0,-0.6459961,-0.0024299622,9.78125,
10.0,1558841021347.0,0.08886719,0.42529297,-0.00223732,
2.0,1558841021348.0,-1.0292969,-134.625,-713.0,
9.0,1558841021349.0,-0.6459961,-0.0006556511,9.78125,
10.0,1558841021349.0,0.052642822,0.42333984,0.0025253296,
2.0,1558841021404.0,-1.0292969,-134.625,-713.0,
9.0,1558841021407.0,-0.6459961,-0.0006556511,9.78125,
10.0,1558841021408.0,0.076538086,0.43774414,-0.009437561,
2.0,1558841021408.0,0.0,-134.625,-712.5,
9.0,1558841021409.0,-0.6455078,0.0010528564,9.78125,
10.0,1558841021409.0,0.059448242,0.40966797,-0.007068634,
2.0,1558841021410.0,0.6899414,-135.25,-714.0,
9.0,1558841021411.0,-0.6455078,0.0010528564,9.78125,
10.0,1558841021412.0,0.04989624,0.3786621,0.036010742,
2.0,1558841021464.0,-0.6899414,-135.0,-714.5,
9.0,1558841021466.0,-0.64501953,0.0022773743,9.78125,
10.0,1558841021466.0,0.054351807,0.31030273,-0.009483337,
2.0,1558841021467.0,1.5498047,-135.25,-711.0,
9.0,1558841021467.0,-0.64501953,0.003944397,9.78125,
10.0,1558841021468.0,0.039978027,0.24658203,0.012054443,
2.0,1558841021469.0,2.0683594,-135.875,-711.5,
9.0,1558841021469.0,-0.64501953,0.018478394,9.78125,
10.0,1558841021470.0,0.0635376,0.43530273,8.314848e-05,
2.0,1558841021525.0,-1.0292969,-134.625,-713.0,
9.0,1558841021526.0,-0.64501953,0.03338623,9.78125,
10.0,1558841021526.0,0.07788086,0.48266602,-0.02142334,
2.0,1558841021533.0,0.0,-134.0,-713.0,
9.0,1558841021533.0,-0.64453125,0.044769287,9.78125,
10.0,1558841021534.0,0.039367676,0.49536133,-0.023788452,
2.0,1558841021534.0,0.33984375,-134.625,-712.5,
9.0,1558841021534.0,-0.64453125,0.049926758,9.78125,
10.0,1558841021535.0,0.09442139,0.4638672,0.014533997,
2.0,1558841021585.0,-1.2099609,-134.375,-713.0,
9.0,1558841021586.0,-0.64453125,0.049926758,9.78125,
10.0,1558841021587.0,0.07525635,0.38232422,0.06958008,
2.0,1558841021588.0,1.0292969,-135.5,-712.5,
9.0,1558841021589.0,-0.64404297,0.05593872,9.78125,
10.0,1558841021590.0,0.0748291,0.4243164,0.031280518,
2.0,1558841021590.0,0.16992188,-135.5,-714.0,
9.0,1558841021591.0,-0.64404297,0.05734253,9.78125,
10.0,1558841021591.0,0.1083374,0.44677734,-0.066833496,
2.0,1558841021646.0,-0.8598633,-135.25,-711.5,
9.0,1558841021647.0,-0.6435547,0.05935669,9.78125,
10.0,1558841021648.0,0.07678223,0.4736328,-0.035736084,
2.0,1558841021649.0,0.33984375,-135.875,-713.0,
9.0,1558841021650.0,-0.6435547,0.05935669,9.78125,
10.0,1558841021650.0,0.093566895,0.4519043,-0.023757935,
2.0,1558841021651.0,-0.5097656,-135.25,-711.5,
9.0,1558841021651.0,-0.6430664,0.061187744,9.78125,
10.0,1558841021652.0,0.11212158,0.4333496,0.02168274,
2.0,1558841021706.0,0.0,-135.0,-712.0,
9.0,1558841021707.0,-0.6430664,0.061187744,9.78125,
10.0,1558841021708.0,0.073791504,0.34716797,0.0073242188,
2.0,1558841021708.0,0.0,-135.0,-711.5,
9.0,1558841021709.0,-0.6425781,0.062805176,9.78125,
10.0,1558841021709.0,0.075805664,0.38867188,-0.0309906,
2.0,1558841021714.0,-1.2099609,-135.25,-712.5,
9.0,1558841021715.0,-0.6425781,0.062805176,9.78125,
10.0,1558841021715.0,0.06378174,0.44604492,-0.0022659302,
2.0,1558841021766.0,-0.5097656,-135.0,-713.5,
9.0,1558841021768.0,-0.6425781,0.064575195,9.78125,
10.0,1558841021769.0,0.05630493,0.42993164,0.004901886,
2.0,1558841021769.0,0.8598633,-135.0,-712.5,
9.0,1558841021770.0,-0.6425781,0.064575195,9.78125,
10.0,1558841021771.0,0.051513672,0.375,0.009689331,
2.0,1558841021771.0,-0.8598633,-134.375,-713.0,
9.0,1558841021771.0,-0.64208984,0.066345215,9.78125,
10.0,1558841021772.0,0.05117798,0.41870117,0.064697266,
2.0,1558841021827.0,-0.5097656,-135.875,-711.0,
9.0,1558841021828.0,-0.64208984,0.066345215,9.78125,
10.0,1558841021828.0,0.07513428,0.38745117,-0.06689453,
2.0,1558841021829.0,0.0,-135.875,-712.0,
9.0,1558841021830.0,-0.64160156,0.067871094,9.78125,
10.0,1558841021831.0,0.103271484,0.37646484,-0.031036377,
2.0,1558841021831.0,0.0,-135.0,-714.5,
9.0,1558841021831.0,-0.64160156,0.067871094,9.78125,
10.0,1558841021832.0,0.05783081,0.37646484,0.0072631836,
2.0,1558841021887.0,-1.2099609,-135.0,-713.0,
9.0,1558841021888.0,-0.6411133,0.06945801,9.78125,
10.0,1558841021889.0,0.076538086,0.39160156,0.050323486,
2.0,1558841021889.0,-0.6899414,-135.875,-714.0,
9.0,1558841021890.0,-0.6411133,0.06945801,9.78125,
10.0,1558841021891.0,0.050201416,0.3557129,-0.07409668,
2.0,1558841021891.0,0.0,-135.25,-714.0,
9.0,1558841021892.0,-0.640625,0.07122803,9.78125,
10.0,1558841021892.0,0.04989624,0.42089844,0.019195557,
2.0,1558841021930.0,-0.5097656,-135.875,-713.5,
9.0,1558841021931.0,-0.640625,0.07122803,9.78125,
10.0,1558841021932.0,0.06665039,0.38256836,0.021591187,
2.0,1558841021932.0,1.0292969,-136.125,-712.5,
9.0,1558841021933.0,-0.6401367,0.072753906,9.78125,
10.0,1558841021933.0,0.08294678,0.37158203,-0.002357483,
2.0,1558841021988.0,-0.33984375,-135.25,-713.0,
9.0,1558841021989.0,-0.6401367,0.072753906,9.78125,
10.0,1558841021990.0,0.0925293,0.4169922,-0.057403564,
2.0,1558841021991.0,0.33984375,-137.0,-713.0,
9.0,1558841021991.0,-0.6401367,0.074279785,9.78125,
10.0,1558841021992.0,0.034851074,0.37231445,-0.009536743,
2.0,1558841021992.0,0.33984375,-136.75,-713.0,
9.0,1558841021993.0,-0.6401367,0.074279785,9.78125,
10.0,1558841021993.0,0.061523438,0.34594727,0.0625,
2.0,1558841022048.0,0.5097656,-136.75,-713.0,
9.0,1558841022049.0,-0.63964844,0.0758667,9.78125,
10.0,1558841022050.0,0.070739746,0.2866211,-0.0056152344,
2.0,1558841022051.0,2.9394531,-136.5,-713.0,
9.0,1558841022052.0,-0.63964844,0.0758667,9.78125,
10.0,1558841022052.0,0.045654297,0.16821289,-0.020050049,
2.0,1558841022053.0,1.5498047,-137.0,-712.5,
9.0,1558841022053.0,-0.63916016,0.07720947,9.78125,
10.0,1558841022054.0,0.042419434,0.14685059,-0.024017334,
2.0,1558841022109.0,1.0292969,-136.75,-711.5,
9.0,1558841022109.0,-0.63916016,0.07720947,9.78125,
10.0,1558841022110.0,0.014984131,0.18676758,-6.66976e-05,
2.0,1558841022111.0,2.7695313,-137.0,-712.5,
9.0,1558841022112.0,-0.6386719,0.07891846,9.78125,
10.0,1558841022112.0,0.0021896362,0.1595459,0.021270752,
2.0,1558841022116.0,2.25,-137.375,-713.0,
9.0,1558841022116.0,-0.6386719,0.07891846,9.78125,
10.0,1558841022117.0,0.026977539,0.038146973,-0.013793945,
2.0,1558841022169.0,2.25,-137.625,-713.0,
9.0,1558841022171.0,-0.6386719,0.080200195,9.78125,
10.0,1558841022172.0,-0.009384155,0.03765869,0.0043296814,
2.0,1558841022172.0,2.7695313,-137.0,-711.0,
9.0,1558841022173.0,-0.6386719,0.080200195,9.78125,
10.0,1558841022173.0,0.03503418,0.07507324,0.022888184,
2.0,1558841022174.0,1.3798828,-137.0,-712.5,
9.0,1558841022174.0,-0.6376953,0.08154297,9.78125,
10.0,1558841022174.0,0.04534912,0.03643799,-0.033813477,
2.0,1558841022230.0,3.109375,-136.75,-712.5,
9.0,1558841022231.0,-0.6376953,0.08154297,9.78125,
10.0,1558841022232.0,-0.017547607,0.054718018,0.003622055,
2.0,1558841022233.0,2.5898438,-137.375,-712.5,
9.0,1558841022233.0,-0.6376953,0.08312988,9.78125,
10.0,1558841022234.0,-0.012527466,0.058532715,0.0048675537,
2.0,1558841022234.0,1.8994141,-137.625,-712.5,
9.0,1558841022235.0,-0.6376953,0.08312988,9.78125,
10.0,1558841022235.0,0.020874023,0.06100464,-0.00381279,
2.0,1558841022290.0,2.5898438,-137.625,-710.5,
9.0,1558841022292.0,-0.63720703,0.07922363,9.78125,
10.0,1558841022292.0,-0.008575439,-0.047943115,0.029830933,
2.0,1558841022293.0,3.109375,-137.0,-711.5,
9.0,1558841022293.0,-0.63720703,0.07312012,9.78125,
10.0,1558841022294.0,-0.022460938,0.012924194,0.008605957,
2.0,1558841022294.0,2.5898438,-137.625,-710.5,
9.0,1558841022295.0,-0.63671875,0.07244873,9.78125,
10.0,1558841022295.0,-0.002948761,-0.072387695,-0.03375244,
2.0,1558841022333.0,2.5898438,-137.375,-712.5,
9.0,1558841022333.0,-0.63671875,0.07244873,9.78125,
10.0,1558841022334.0,-0.010139465,0.026672363,0.028869629,
2.0,1558841022335.0,2.4199219,-137.0,-712.5,
9.0,1558841022335.0,-0.63671875,0.07397461,9.78125,
10.0,1558841022336.0,0.008911133,0.032043457,0.00011193752,
2.0,1558841022391.0,3.2890625,-137.625,-711.5,
9.0,1558841022391.0,-0.63671875,0.07397461,9.78125,
10.0,1558841022392.0,0.011100769,0.004627228,-0.017349243,
2.0,1558841022392.0,3.6289063,-137.625,-711.5,
9.0,1558841022393.0,-0.63623047,0.07525635,9.78125,
10.0,1558841022393.0,0.004798889,-0.0031318665,-0.019882202,
2.0,1558841022394.0,3.6289063,-137.625,-711.5,
9.0,1558841022394.0,-0.63623047,0.07525635,9.78125,
10.0,1558841022394.0,-0.0077438354,0.059509277,0.0032787323,
2.0,1558841022451.0,2.4199219,-138.0,-711.0,
9.0,1558841022453.0,-0.6357422,0.07659912,9.78125,
10.0,1558841022454.0,0.018554688,-0.009109497,0.0006995201,
2.0,1558841022454.0,3.2890625,-137.375,-711.5,
9.0,1558841022455.0,-0.6357422,0.07659912,9.78125,
10.0,1558841022455.0,0.009208679,-0.055847168,0.002506256,
2.0,1558841022456.0,3.6289063,-138.0,-711.0,
9.0,1558841022456.0,-0.6352539,0.07788086,9.78125,
10.0,1558841022456.0,-0.016036987,-0.0055656433,-0.0134887695,
2.0,1558841022512.0,3.9785156,-137.375,-710.0,
9.0,1558841022512.0,-0.6352539,0.07788086,9.78125,
10.0,1558841022513.0,-0.016860962,0.07885742,0.023971558,
2.0,1558841022513.0,3.8085938,-136.75,-710.0,
9.0,1558841022514.0,-0.6347656,0.0793457,9.78125,
10.0,1558841022514.0,0.011207581,0.0064849854,-0.02130127,
2.0,1558841022517.0,4.6679688,-137.0,-711.0,
9.0,1558841022517.0,-0.6347656,0.0793457,9.78125,
10.0,1558841022518.0,0.011016846,-0.016067505,-0.01725769,
2.0,1558841022572.0,2.9394531,-136.5,-710.5,
9.0,1558841022576.0,-0.6347656,0.080566406,9.78125,
10.0,1558841022577.0,-0.003004074,-0.029510498,0.020904541,
2.0,1558841022577.0,4.1484375,-136.5,-712.5,
9.0,1558841022579.0,-0.6347656,0.080566406,9.78125,
10.0,1558841022581.0,0.0033836365,-0.027786255,0.020812988,
2.0,1558841022581.0,4.1484375,-135.5,-710.0,
9.0,1558841022582.0,-0.63427734,0.081848145,9.78125,
10.0,1558841022582.0,-0.0033664703,-0.0003042221,-0.0006008148,
2.0,1558841022633.0,2.9394531,-135.875,-711.0,
9.0,1558841022634.0,-0.63427734,0.081848145,9.78125,
10.0,1558841022634.0,-0.041503906,0.0036315918,-0.0043640137,
2.0,1558841022636.0,4.5,-135.875,-711.0,
9.0,1558841022636.0,-0.63378906,0.08312988,9.78125,
10.0,1558841022637.0,0.029953003,-0.009712219,0.008079529,
2.0,1558841022638.0,4.328125,-135.875,-711.0,
9.0,1558841022638.0,-0.63378906,0.08312988,9.78125,
10.0,1558841022639.0,0.0068130493,-0.0059318542,0.016235352,
2.0,1558841022693.0,1.8994141,-135.875,-710.5,
9.0,1558841022694.0,-0.6333008,0.084106445,9.78125,
10.0,1558841022695.0,0.0013313293,-0.052124023,0.020889282,
2.0,1558841022696.0,2.7695313,-135.5,-711.5,
9.0,1558841022697.0,-0.6333008,0.084106445,9.78125,
10.0,1558841022698.0,-0.008613586,0.046936035,-0.004398346,
2.0,1558841022698.0,4.1484375,-136.125,-712.5,
9.0,1558841022698.0,-0.6328125,0.08532715,9.78125,
10.0,1558841022698.0,-0.003370285,-0.015296936,-0.030715942,
2.0,1558841022735.0,2.0683594,-135.5,-710.0,
9.0,1558841022736.0,-0.6328125,0.08532715,9.78125,
10.0,1558841022737.0,0.008903503,0.018630981,0.0061416626,
2.0,1558841022738.0,3.109375,-136.125,-711.5,
9.0,1558841022738.0,-0.6328125,0.086364746,9.78125,
10.0,1558841022738.0,-0.0027675629,-0.040039063,0.008842468,
2.0,1558841022793.0,3.2890625,-137.0,-712.5,
9.0,1558841022795.0,-0.6328125,0.086364746,9.78125,
10.0,1558841022795.0,0.009391785,-0.07312012,0.007160187,
2.0,1558841022796.0,3.4589844,-135.5,-711.0,
9.0,1558841022797.0,-0.6323242,0.087646484,9.78125,
10.0,1558841022798.0,-0.010093689,0.009536743,-0.0077819824,
2.0,1558841022799.0,3.9785156,-136.5,-707.5,
9.0,1558841022799.0,-0.6323242,0.087646484,9.78125,
10.0,1558841022799.0,-0.017868042,0.019363403,0.030532837,
2.0,1558841022854.0,2.25,-135.875,-711.0,
9.0,1558841022855.0,-0.63183594,0.08874512,9.78125,
10.0,1558841022857.0,0.023910522,-0.0104522705,-0.035369873,
2.0,1558841022858.0,3.4589844,-135.875,-709.5,
9.0,1558841022858.0,-0.63183594,0.08874512,9.78125,
10.0,1558841022859.0,0.003862381,-0.039489746,-0.049987793,
2.0,1558841022859.0,2.4199219,-135.25,-710.0,
9.0,1558841022859.0,-0.63183594,0.09008789,9.78125,
10.0,1558841022860.0,-0.02420044,0.030914307,-0.0017166138,
2.0,1558841022915.0,3.8085938,-136.5,-710.0,
9.0,1558841022916.0,-0.63183594,0.09008789,9.78125,
10.0,1558841022916.0,-0.013786316,0.01146698,0.006362915,
2.0,1558841022918.0,3.6289063,-135.5,-711.0,
9.0,1558841022919.0,-0.63134766,0.091308594,9.78125,
10.0,1558841022920.0,0.009841919,-0.0013608932,0.01676941,
2.0,1558841022924.0,3.109375,-135.875,-710.0,
9.0,1558841022924.0,-0.63134766,0.091308594,9.78125,
10.0,1558841022925.0,-0.0017204285,-0.014671326,-0.019363403,
2.0,1558841022977.0,2.4199219,-136.125,-711.0,
9.0,1558841022978.0,-0.6308594,0.09240723,9.78125,
10.0,1558841022979.0,0.01184845,-0.012779236,0.015319824,
2.0,1558841022980.0,3.109375,-136.5,-712.0,
9.0,1558841022980.0,-0.6308594,0.09240723,9.78125,
10.0,1558841022982.0,-9.906292e-05,-0.021972656,0.047302246,
2.0,1558841022982.0,3.8085938,-136.125,-709.5,
9.0,1558841022982.0,-0.6303711,0.093322754,9.78125,
10.0,1558841022983.0,-0.0023326874,-0.030288696,0.024734497,
2.0,1558841023035.0,5.1875,-136.5,-711.5,
9.0,1558841023037.0,-0.6303711,0.093322754,9.78125,
10.0,1558841023038.0,-0.009643555,0.010360718,-0.024551392,
2.0,1558841023039.0,3.8085938,-136.75,-711.0,
9.0,1558841023040.0,-0.6303711,0.093322754,9.78125,
10.0,1558841023041.0,0.0018815994,-0.009056091,-0.0024414063,
2.0,1558841023041.0,3.109375,-137.0,-711.5,
9.0,1558841023041.0,-0.6298828,0.09448242,9.78125,
10.0,1558841023042.0,0.008964539,0.0014514923,-0.019439697,
2.0,1558841023096.0,2.4199219,-135.875,-711.0,
9.0,1558841023097.0,-0.6298828,0.09448242,9.78125,
10.0,1558841023098.0,-0.01600647,-0.0007624626,0.015274048,
2.0,1558841023099.0,4.1484375,-136.125,-712.5,
9.0,1558841023099.0,-0.6298828,0.09552002,9.78125,
10.0,1558841023100.0,-0.0093307495,-0.011245728,-0.016708374,
2.0,1558841023101.0,2.5898438,-135.5,-711.5,
9.0,1558841023101.0,-0.6298828,0.09552002,9.78125,
10.0,1558841023101.0,0.0021343231,-0.06335449,-0.029052734,
2.0,1558841023138.0,2.9394531,-136.75,-710.5,
9.0,1558841023139.0,-0.6298828,0.09552002,9.78125,
10.0,1558841023140.0,-0.0002104044,-0.0048217773,0.01524353,
2.0,1558841023142.0,3.4589844,-136.125,-711.0,
9.0,1558841023142.0,-0.62939453,0.09680176,9.78125,
10.0,1558841023142.0,0.013076782,0.051239014,-0.0070495605,
2.0,1558841023196.0,1.8994141,-136.125,-710.5,
9.0,1558841023198.0,-0.62939453,0.09680176,9.78125,
10.0,1558841023198.0,0.0105896,0.0395813,-0.017333984,
2.0,1558841023199.0,2.9394531,-136.5,-711.0,
9.0,1558841023201.0,-0.62890625,0.09790039,9.78125,
10.0,1558841023201.0,-0.007217407,-0.005756378,0.030532837,
2.0,1558841023202.0,2.5898438,-135.875,-710.5,
9.0,1558841023202.0,-0.62890625,0.09790039,9.78125,
10.0,1558841023202.0,-0.005844116,-0.07446289,-0.008224487,
2.0,1558841023257.0,2.5898438,-135.875,-710.5,
9.0,1558841023259.0,-0.62890625,0.09790039,9.78125,
10.0,1558841023260.0,0.01852417,0.04824829,0.0010929108,
2.0,1558841023261.0,3.109375,-136.5,-711.5,
9.0,1558841023262.0,-0.62841797,0.09899902,9.78125,
10.0,1558841023262.0,0.020431519,0.007156372,0.0047454834,
2.0,1558841023262.0,2.5898438,-135.25,-711.5,
9.0,1558841023263.0,-0.62841797,0.09899902,9.78125,
10.0,1558841023263.0,-0.02609253,-0.027160645,-0.005847931,
2.0,1558841023317.0,2.5898438,-135.5,-709.5,
9.0,1558841023319.0,-0.62841797,0.10021973,9.78125,
10.0,1558841023319.0,0.0056610107,0.0234375,-0.018310547,
2.0,1558841023322.0,3.9785156,-136.75,-710.0,
9.0,1558841023323.0,-0.62841797,0.09869385,9.78125,
10.0,1558841023323.0,-0.008979797,0.035858154,0.023925781,
2.0,1558841023326.0,2.4199219,-135.875,-712.0,
9.0,1558841023326.0,-0.62841797,0.09075928,9.78125,
10.0,1558841023326.0,0.0043563843,0.026184082,0.0018606186,
2.0,1558841023379.0,2.5898438,-136.125,-710.0,
9.0,1558841023380.0,-0.6279297,0.08203125,9.78125,
10.0,1558841023381.0,-0.012702942,-0.14221191,0.03286743,
2.0,1558841023382.0,3.8085938,-135.875,-711.0,
9.0,1558841023382.0,-0.6279297,0.080444336,9.78125,
10.0,1558841023384.0,-0.048614502,-0.16687012,0.0113220215,
2.0,1558841023384.0,3.109375,-136.125,-711.0,
9.0,1558841023384.0,-0.6274414,0.08190918,9.78125,
10.0,1558841023384.0,0.0036964417,0.06854248,-0.05331421,
2.0,1558841023439.0,2.5898438,-136.5,-711.0,
9.0,1558841023440.0,-0.6274414,0.08190918,9.78125,
10.0,1558841023441.0,-0.025024414,0.04940796,0.020889282,
2.0,1558841023442.0,3.9785156,-135.0,-711.5,
9.0,1558841023442.0,-0.6274414,0.08190918,9.78125,
10.0,1558841023443.0,0.008483887,-0.043945313,0.035247803,
2.0,1558841023444.0,2.4199219,-135.25,-709.5,
9.0,1558841023444.0,-0.6274414,0.08276367,9.78125,
10.0,1558841023444.0,-0.01335144,-0.061553955,0.008911133,
2.0,1558841023499.0,3.4589844,-136.125,-712.0,
9.0,1558841023500.0,-0.6274414,0.08276367,9.78125,
10.0,1558841023502.0,-0.03967285,-0.111816406,-0.012634277,
2.0,1558841023502.0,2.4199219,-136.125,-711.5,
9.0,1558841023503.0,-0.6269531,0.08703613,9.78125,
10.0,1558841023504.0,0.012565613,0.06341553,-0.012619019,
2.0,1558841023504.0,3.109375,-135.5,-711.5,
9.0,1558841023504.0,-0.6269531,0.08703613,9.78125,
10.0,1558841023504.0,-0.018539429,-0.034698486,0.018493652,
2.0,1558841023541.0,2.25,-134.625,-710.0,
9.0,1558841023542.0,-0.6269531,0.08703613,9.78125,
10.0,1558841023543.0,0.014961243,-0.008361816,-0.012619019,
2.0,1558841023545.0,3.8085938,-135.25,-709.5,
9.0,1558841023545.0,-0.62646484,0.08782959,9.78125,
10.0,1558841023545.0,0.02406311,-0.078552246,-0.007858276,
2.0,1558841023599.0,2.0683594,-136.125,-711.0,
9.0,1558841023601.0,-0.62646484,0.08782959,9.78125,
10.0,1558841023602.0,-0.02859497,-0.016326904,0.011291504,
2.0,1558841023602.0,2.5898438,-135.5,-710.0,
9.0,1558841023604.0,-0.62597656,0.08892822,9.78125,
10.0,1558841023604.0,0.009307861,-0.0054969788,0.020843506,
2.0,1558841023605.0,2.4199219,-134.625,-711.5,
9.0,1558841023605.0,-0.62597656,0.08892822,9.78125,
10.0,1558841023606.0,-0.03137207,-0.091674805,0.004096985,
2.0,1558841023660.0,2.7695313,-135.5,-711.0,
9.0,1558841023662.0,-0.62597656,0.08892822,9.78125,
10.0,1558841023662.0,-0.00026869774,-0.012680054,-0.034179688,
2.0,1558841023664.0,4.328125,-136.125,-711.0,
9.0,1558841023664.0,-0.6254883,0.090026855,9.78125,
10.0,1558841023665.0,0.016052246,-0.018539429,-0.0031032562,
2.0,1558841023665.0,2.4199219,-135.0,-711.0,
9.0,1558841023665.0,-0.6254883,0.090026855,9.78125,
10.0,1558841023666.0,-0.017456055,-0.07116699,0.023223877,
2.0,1558841023720.0,2.4199219,-134.625,-709.5,
9.0,1558841023721.0,-0.6254883,0.090026855,9.78125,
10.0,1558841023722.0,-0.010269165,-0.04006958,0.051940918,
2.0,1558841023724.0,2.25,-135.0,-710.5,
9.0,1558841023725.0,-0.6254883,0.09075928,9.78125,
10.0,1558841023726.0,-0.027252197,-0.08868408,-0.010292053,
2.0,1558841023730.0,2.25,-135.0,-710.5,
9.0,1558841023730.0,-0.6254883,0.09075928,9.78125,
10.0,1558841023731.0,0.018218994,0.0046577454,-0.041412354,
2.0,1558841023781.0,2.4199219,-135.5,-711.0,
9.0,1558841023782.0,-0.625,0.0914917,9.78125,
10.0,1558841023783.0,-0.020339966,-0.094177246,0.03277588,
2.0,1558841023784.0,3.4589844,-135.875,-709.5,
9.0,1558841023784.0,-0.625,0.0914917,9.78125,
10.0,1558841023785.0,-0.010757446,-0.017593384,0.008842468,
2.0,1558841023786.0,2.5898438,-135.5,-710.0,
9.0,1558841023786.0,-0.625,0.0914917,9.78125,
10.0,1558841023786.0,-0.013153076,-0.051086426,-0.039031982,
2.0,1558841023841.0,3.9785156,-136.5,-710.0,
9.0,1558841023843.0,-0.625,0.09240723,9.78125,
10.0,1558841023844.0,-0.008674622,-0.04724121,-0.010307312,
2.0,1558841023846.0,3.8085938,-135.5,-711.0,
9.0,1558841023847.0,-0.625,0.09240723,9.78125,
10.0,1558841023847.0,-0.006286621,-0.05444336,0.03515625,
2.0,1558841023848.0,2.7695313,-135.25,-710.0,
9.0,1558841023848.0,-0.6245117,0.093322754,9.78125,
10.0,1558841023848.0,-0.0042381287,-0.050567627,0.044708252,
2.0,1558841023901.0,1.7294922,-135.25,-711.5,
9.0,1558841023903.0,-0.6245117,0.093322754,9.78125,
10.0,1558841023904.0,0.012512207,-0.031402588,-0.02708435,
2.0,1558841023905.0,3.9785156,-135.875,-710.5,
9.0,1558841023906.0,-0.6245117,0.093322754,9.78125,
10.0,1558841023914.0,-0.016204834,-0.09124756,-0.02947998,
2.0,1558841023914.0,1.8994141,-135.25,-710.0,
9.0,1558841023914.0,-0.62402344,0.09399414,9.78125,
10.0,1558841023915.0,0.0049552917,-0.09674072,0.008804321,
2.0,1558841023944.0,3.109375,-136.125,-711.0,
9.0,1558841023945.0,-0.62402344,0.09399414,9.78125,
10.0,1558841023949.0,0.0025615692,0.0061912537,0.0016231537,
2.0,1558841023950.0,3.4589844,-135.0,-709.5,
9.0,1558841023950.0,-0.62402344,0.09503174,9.78125,
10.0,1558841023951.0,-0.028778076,-0.030731201,0.020767212,
2.0,1558841024002.0,3.4589844,-135.0,-711.0,
9.0,1558841024004.0,-0.62402344,0.09503174,9.78125,
10.0,1558841024005.0,-0.0024490356,-0.064208984,0.035125732,
2.0,1558841024006.0,3.109375,-135.875,-711.5,
9.0,1558841024007.0,-0.62353516,0.095581055,9.78125,
10.0,1558841024008.0,-0.024230957,-0.12939453,-0.007965088,
2.0,1558841024008.0,3.6289063,-135.0,-710.0,
9.0,1558841024008.0,-0.62353516,0.095581055,9.78125,
10.0,1558841024009.0,0.011672974,-0.03125,-0.015144348,
2.0,1558841024063.0,2.4199219,-135.0,-711.0,
9.0,1558841024065.0,-0.6230469,0.09680176,9.78125,
10.0,1558841024065.0,-0.003025055,0.010604858,-0.007972717,
2.0,1558841024067.0,3.9785156,-135.5,-709.5,
9.0,1558841024069.0,-0.6230469,0.09680176,9.78125,
10.0,1558841024069.0,-0.02696228,-0.06359863,0.018356323,
2.0,1558841024069.0,3.8085938,-135.25,-709.0,
9.0,1558841024070.0,-0.6230469,0.097717285,9.78125,
10.0,1558841024070.0,-0.024459839,-0.042999268,-0.0050239563,
2.0,1558841024123.0,2.25,-134.625,-710.0,
9.0,1558841024124.0,-0.6230469,0.097717285,9.78125,
10.0,1558841024126.0,0.022827148,-0.046447754,0.011436462,
2.0,1558841024127.0,3.6289063,-135.5,-711.5,
9.0,1558841024128.0,-0.6225586,0.09838867,9.78125,
10.0,1558841024129.0,-0.0011806488,-0.06726074,-0.00819397,
2.0,1558841024131.0,2.9394531,-135.875,-711.0,
9.0,1558841024132.0,-0.6225586,0.09838867,9.78125,
10.0,1558841024132.0,0.0048599243,0.013366699,0.006931305,
2.0,1558841024184.0,2.9394531,-135.0,-709.5,
9.0,1558841024185.0,-0.6225586,0.099487305,9.78125,
10.0,1558841024186.0,-0.017608643,0.0099487305,-0.004081726,
2.0,1558841024187.0,3.4589844,-135.5,-711.5,
9.0,1558841024188.0,-0.6225586,0.099487305,9.78125,
10.0,1558841024189.0,-0.0026283264,-0.02684021,-0.026565552,
2.0,1558841024189.0,3.2890625,-135.5,-711.0,
9.0,1558841024189.0,-0.6220703,0.10015869,9.78125,
10.0,1558841024190.0,-0.010116577,-0.061035156,-0.0079574585,
2.0,1558841024244.0,2.5898438,-135.5,-710.5,
9.0,1558841024245.0,-0.6220703,0.10015869,9.78125,
10.0,1558841024247.0,-0.039215088,0.00484848,0.053649902,
2.0,1558841024249.0,3.4589844,-136.125,-711.0,
9.0,1558841024250.0,-0.6220703,0.101257324,9.78125,
10.0,1558841024250.0,0.0028839111,0.0340271,-0.0030784607,
2.0,1558841024251.0,1.5498047,-135.25,-710.0,
9.0,1558841024251.0,-0.6220703,0.101257324,9.78125,
10.0,1558841024251.0,-0.0015411377,-0.020904541,-0.019943237,
2.0,1558841024305.0,2.25,-135.25,-710.5,
9.0,1558841024306.0,-0.62158203,0.101989746,9.78125,
10.0,1558841024307.0,-0.013053894,-0.04269409,-0.004524231,
2.0,1558841024309.0,3.109375,-135.5,-710.0,
9.0,1558841024310.0,-0.62158203,0.101989746,9.78125,
10.0,1558841024311.0,-0.0028209686,0.046844482,0.019592285,
2.0,1558841024312.0,3.4589844,-135.875,-711.0,
9.0,1558841024313.0,-0.62109375,0.10296631,9.78125,
10.0,1558841024313.0,0.024520874,0.006111145,0.010040283,
2.0,1558841024365.0,2.7695313,-135.5,-711.0,
9.0,1558841024367.0,-0.62109375,0.10296631,9.78125,
10.0,1558841024368.0,0.03149414,-0.043518066,-0.030639648,
2.0,1558841024369.0,2.9394531,-135.5,-710.0,
9.0,1558841024371.0,-0.62109375,0.103637695,9.78125,
10.0,1558841024371.0,-0.01927185,-0.03967285,0.004257202,
2.0,1558841024371.0,3.109375,-135.5,-710.0,
9.0,1558841024371.0,-0.62109375,0.103637695,9.78125,
10.0,1558841024372.0,0.0076560974,0.041534424,0.020889282,
2.0,1558841024425.0,2.0683594,-135.25,-710.0,
9.0,1558841024426.0,-0.62060547,0.10443115,9.78125,
10.0,1558841024428.0,-0.0018062592,-0.027069092,-0.0063476563,
2.0,1558841024430.0,3.4589844,-135.875,-711.0,
9.0,1558841024432.0,-0.62060547,0.10443115,9.78125,
10.0,1558841024433.0,-0.00340271,-0.019989014,-0.022583008,
2.0,1558841024433.0,3.8085938,-135.875,-711.0,
9.0,1558841024433.0,-0.62060547,0.10473633,9.78125,
10.0,1558841024434.0,-0.010726929,-0.084350586,0.039855957,
2.0,1558841024486.0,1.7294922,-135.25,-709.5,
9.0,1558841024487.0,-0.62060547,0.10473633,9.78125,
10.0,1558841024489.0,-0.006752014,0.011169434,0.014831543,
2.0,1558841024490.0,3.109375,-135.875,-710.0,
9.0,1558841024491.0,-0.6201172,0.10571289,9.78125,
10.0,1558841024492.0,-0.013397217,0.025741577,-0.042266846,
2.0,1558841024492.0,1.7294922,-135.5,-710.0,
9.0,1558841024492.0,-0.6201172,0.10571289,9.78125,
10.0,1558841024493.0,-0.034118652,0.046051025,0.02973938,
2.0,1558841024546.0,1.8994141,-135.5,-711.0,
9.0,1558841024547.0,-0.6201172,0.105895996,9.78125,
10.0,1558841024548.0,-0.014205933,-0.11212158,0.020202637,
2.0,1558841024556.0,2.9394531,-136.125,-710.5,
9.0,1558841024557.0,-0.6201172,0.105895996,9.78125,
10.0,1558841024557.0,0.027267456,0.021606445,-0.01852417,
2.0,1558841024557.0,2.4199219,-135.25,-709.0,
9.0,1558841024557.0,-0.6196289,0.10675049,9.78125,
10.0,1558841024558.0,0.027557373,0.016815186,0.015991211,
2.0,1558841024606.0,3.4589844,-135.875,-708.5,
9.0,1558841024608.0,-0.6196289,0.10675049,9.78125,
10.0,1558841024610.0,-0.0028800964,0.029129028,-0.00061655045,
2.0,1558841024611.0,3.109375,-135.875,-709.5,
9.0,1558841024612.0,-0.6196289,0.10748291,9.78125,
10.0,1558841024612.0,-0.023773193,-0.013832092,-0.017944336,
2.0,1558841024612.0,3.9785156,-136.5,-710.0,
9.0,1558841024612.0,-0.6196289,0.10748291,9.78125,
10.0,1558841024614.0,-0.04638672,-0.02671814,0.0009713173,
2.0,1558841024667.0,2.0683594,-135.0,-710.0,
9.0,1558841024669.0,-0.6191406,0.11254883,9.78125,
10.0,1558841024671.0,0.020309448,0.028305054,-0.0069351196,
2.0,1558841024672.0,3.9785156,-135.25,-708.5,
9.0,1558841024672.0,-0.6191406,0.11395264,9.78125,
10.0,1558841024672.0,0.04940796,0.027618408,0.0060272217,
2.0,1558841024673.0,2.25,-135.25,-708.5,
9.0,1558841024673.0,-0.61865234,0.1149292,9.78125,
10.0,1558841024673.0,0.020309448,0.023513794,-0.00869751,
2.0,1558841024727.0,2.7695313,-135.875,-709.5,
9.0,1558841024728.0,-0.61865234,0.1149292,9.78125,
10.0,1558841024730.0,-0.018447876,0.053955078,-0.008987427,
2.0,1558841024731.0,2.7695313,-134.625,-709.5,
9.0,1558841024733.0,-0.61865234,0.11602783,9.78125,
10.0,1558841024734.0,-0.011245728,0.036956787,-0.01890564,
2.0,1558841024734.0,2.4199219,-135.5,-709.0,
9.0,1558841024736.0,-0.61865234,0.11602783,9.78125,
10.0,1558841024736.0,-0.009109497,-0.12322998,0.021514893,
2.0,1558841024788.0,2.4199219,-135.25,-708.0,
9.0,1558841024789.0,-0.61816406,0.11706543,9.78125,
10.0,1558841024791.0,-0.0037021637,0.03314209,0.0077323914,
2.0,1558841024793.0,3.8085938,-135.25,-709.0,
9.0,1558841024793.0,-0.61816406,0.11706543,9.78125,
10.0,1558841024793.0,0.010574341,0.015220642,-0.00730896,
2.0,1558841024794.0,2.9394531,-135.875,-709.5,
9.0,1558841024794.0,-0.61816406,0.12219238,9.78125,
10.0,1558841024794.0,-0.030303955,-0.019241333,0.01739502,
2.0,1558841024848.0,3.2890625,-136.125,-709.5,
9.0,1558841024849.0,-0.61816406,0.12683105,9.78125,
10.0,1558841024852.0,0.03942871,0.021194458,-0.018814087,
2.0,1558841024853.0,5.359375,-135.5,-709.5,
9.0,1558841024854.0,-0.6176758,0.12792969,9.78125,
10.0,1558841024854.0,-0.00894928,0.03567505,-0.021057129,
2.0,1558841024855.0,5.5390625,-136.125,-703.5,
9.0,1558841024855.0,-0.6176758,0.12792969,9.78125,
10.0,1558841024855.0,-0.016937256,0.0463562,-0.0073661804,
2.0,1558841024908.0,4.5,-136.125,-709.5,
9.0,1558841024914.0,-0.6176758,0.12854004,9.78125,
10.0,1558841024916.0,0.0054244995,-0.056030273,0.011474609,
2.0,1558841024917.0,5.5390625,-135.25,-709.0,
9.0,1558841024918.0,-0.6176758,0.12854004,9.78125,
10.0,1558841024918.0,-0.022750854,0.006958008,0.04031372,
2.0,1558841024919.0,5.5390625,-135.875,-708.5,
9.0,1558841024919.0,-0.6176758,0.12988281,9.78125,
10.0,1558841024920.0,-0.01272583,0.07623291,-0.054595947,
2.0,1558841024951.0,5.1875,-136.125,-709.0,
9.0,1558841024952.0,-0.6176758,0.12988281,9.78125,
10.0,1558841024956.0,0.026519775,0.06951904,-0.009315491,
2.0,1558841024957.0,6.578125,-136.125,-709.0,
9.0,1558841024957.0,-0.6171875,0.13049316,9.78125,
10.0,1558841024957.0,0.028900146,-0.08178711,0.013763428,
2.0,1558841025009.0,6.9179688,-135.875,-708.0,
9.0,1558841025011.0,-0.6171875,0.13049316,9.78125,
10.0,1558841025012.0,-0.019241333,-0.07208252,0.01890564,
2.0,1558841025013.0,7.6171875,-135.875,-705.0,
9.0,1558841025014.0,-0.6166992,0.13146973,9.78125,
10.0,1558841025014.0,-0.023452759,0.016326904,-0.009880066,
2.0,1558841025015.0,7.0976563,-135.875,-706.5,
9.0,1558841025015.0,-0.6166992,0.13146973,9.78125,
10.0,1558841025015.0,-0.0054244995,0.08105469,-0.0021896362,
2.0,1558841025069.0,7.6171875,-137.0,-705.5,
9.0,1558841025072.0,-0.6166992,0.13146973,9.78125,
10.0,1558841025074.0,0.022750854,0.0055732727,0.0021038055,
2.0,1558841025075.0,9.34375,-136.5,-706.0,
9.0,1558841025077.0,-0.6166992,0.13220215,9.78125,
10.0,1558841025077.0,-0.0146865845,-0.05807495,0.04434204,
2.0,1558841025077.0,9.1640625,-135.0,-702.0,
9.0,1558841025077.0,-0.6166992,0.13220215,9.78125,
10.0,1558841025078.0,0.02494812,-0.012138367,-0.053253174,
2.0,1558841025130.0,9.8671875,-135.0,-701.0,
9.0,1558841025131.0,-0.61621094,0.13317871,9.78125,
10.0,1558841025132.0,0.012145996,0.004802704,-0.017944336,
2.0,1558841025134.0,9.8671875,-134.625,-701.0,
9.0,1558841025135.0,-0.61621094,0.13317871,9.78125,
10.0,1558841025136.0,-0.023117065,0.025222778,0.010673523,
2.0,1558841025138.0,11.25,-135.25,-699.5,
9.0,1558841025139.0,-0.61621094,0.13317871,9.78125,
10.0,1558841025139.0,0.010353088,0.012672424,-0.018493652,
2.0,1558841025191.0,11.25,-134.625,-698.5,
9.0,1558841025192.0,-0.61621094,0.13391113,9.78125,
10.0,1558841025193.0,0.0042762756,-0.042663574,-0.0052948,
2.0,1558841025194.0,13.6796875,-134.375,-696.5,
9.0,1558841025195.0,-0.61621094,0.13391113,9.78125,
10.0,1558841025196.0,0.022857666,0.011955261,0.020904541,
2.0,1558841025196.0,16.265625,-133.5,-693.0,
9.0,1558841025196.0,-0.61572266,0.13476563,9.78125,
10.0,1558841025196.0,0.0027179718,-0.020141602,0.0052986145,
2.0,1558841025251.0,17.484375,-133.125,-692.0,
9.0,1558841025252.0,-0.61572266,0.13476563,9.78125,
10.0,1558841025253.0,-0.019119263,0.020523071,0.015914917,
2.0,1558841025263.0,20.9375,-132.0,-687.5,
9.0,1558841025263.0,-0.61572266,0.13476563,9.78125,
10.0,1558841025264.0,0.017471313,-0.03765869,0.024536133,
2.0,1558841025264.0,21.640625,-131.625,-686.5,
9.0,1558841025264.0,-0.61572266,0.1352539,9.78125,
10.0,1558841025264.0,-0.0035266876,-0.07354736,0.0024147034,
2.0,1558841025311.0,24.234375,-129.5,-683.0,
9.0,1558841025313.0,-0.61572266,0.1352539,9.78125,
10.0,1558841025314.0,-0.016418457,0.04510498,0.0019550323,
2.0,1558841025315.0,27.703125,-127.5,-677.0,
9.0,1558841025316.0,-0.6152344,0.13659668,9.78125,
10.0,1558841025317.0,0.0038757324,0.083740234,-0.017807007,
2.0,1558841025317.0,33.75,-122.6875,-668.5,
9.0,1558841025317.0,-0.6152344,0.13659668,9.78125,
10.0,1558841025317.0,0.014770508,-0.021316528,-0.020233154,
2.0,1558841025354.0,38.78125,-120.0,-664.0,
9.0,1558841025356.0,-0.6152344,0.13659668,9.78125,
10.0,1558841025357.0,-0.007423401,-0.04827881,0.035949707,
2.0,1558841025357.0,46.40625,-115.5,-656.0,
9.0,1558841025358.0,-0.6152344,0.1373291,9.78125,
10.0,1558841025358.0,-0.012008667,-0.02229309,0.0077934265,
2.0,1558841025412.0,54.0,-111.875,-650.0,
9.0,1558841025413.0,-0.6152344,0.1373291,9.78125,
10.0,1558841025414.0,0.029052734,0.0284729,-0.011131287,
2.0,1558841025415.0,64.75,-106.1875,-642.0,
9.0,1558841025416.0,-0.6147461,0.13830566,9.78125,
10.0,1558841025417.0,0.0076942444,0.012496948,0.016174316,
2.0,1558841025417.0,90.5625,-91.5,-628.5,
9.0,1558841025417.0,-0.6147461,0.13830566,9.78125,
10.0,1558841025418.0,0.00041651726,0.0062446594,-0.0101623535,
2.0,1558841025472.0,103.5625,-83.0625,-620.0,
9.0,1558841025474.0,-0.6147461,0.13830566,9.78125,
10.0,1558841025475.0,-0.011291504,-0.0259552,-0.006290436,
2.0,1558841025477.0,119.3125,-72.0,-615.0,
9.0,1558841025478.0,-0.6142578,0.13903809,9.78125,
10.0,1558841025479.0,-0.017074585,-0.031280518,0.010406494,
2.0,1558841025479.0,135.0,-61.5,-610.5,
9.0,1558841025479.0,-0.6142578,0.13903809,9.78125,
10.0,1558841025480.0,0.0036182404,-0.03503418,0.008430481,
2.0,1558841025532.0,151.125,-49.1875,-606.5,
9.0,1558841025534.0,-0.6142578,0.14001465,9.78125,
10.0,1558841025535.0,-0.0069847107,0.017303467,-0.01449585,
2.0,1558841025536.0,181.75,-24.890625,-601.5,
9.0,1558841025537.0,-0.6142578,0.14001465,9.78125,
10.0,1558841025537.0,0.023864746,0.034973145,-0.010894775,
2.0,1558841025543.0,196.125,-13.796875,-601.5,
9.0,1558841025544.0,-0.6142578,0.14001465,9.78125,
10.0,1558841025544.0,-0.0058670044,-0.008514404,0.012504578,
2.0,1558841025593.0,205.75,-2.0996094,-603.5,
9.0,1558841025594.0,-0.61376953,0.140625,9.78125,
10.0,1558841025596.0,0.010429382,-0.04232788,0.031433105,
2.0,1558841025597.0,215.875,8.6953125,-606.5,
9.0,1558841025598.0,-0.61376953,0.140625,9.78125,
10.0,1558841025600.0,0.0006942749,0.004486084,-0.04626465,
2.0,1558841025601.0,224.375,18.0,-613.5,
9.0,1558841025601.0,-0.61376953,0.140625,9.78125,
10.0,1558841025602.0,0.025772095,0.032714844,-0.012268066,
2.0,1558841025653.0,231.625,27.59375,-619.5,
9.0,1558841025655.0,-0.61376953,0.14160156,9.78125,
10.0,1558841025656.0,-0.012298584,0.0256958,-0.00024843216,
2.0,1558841025657.0,248.5,39.0,-635.5,
9.0,1558841025659.0,-0.61376953,0.14160156,9.78125,
10.0,1558841025659.0,0.013305664,0.0033607483,0.0056152344,
2.0,1558841025660.0,255.625,42.28125,-644.0,
9.0,1558841025660.0,-0.61328125,0.14221191,9.78125,
10.0,1558841025660.0,0.0007815361,-0.046295166,-0.009033203,
2.0,1558841025713.0,266.5,42.875,-653.0,
9.0,1558841025717.0,-0.61328125,0.14221191,9.78125,
10.0,1558841025719.0,-0.0032444,0.012908936,-0.02670288,
2.0,1558841025720.0,280.5,43.1875,-659.0,
9.0,1558841025721.0,-0.61328125,0.14221191,9.78125,
10.0,1558841025722.0,-0.012321472,0.04147339,0.009384155,
2.0,1558841025723.0,295.75,40.78125,-663.0,
9.0,1558841025723.0,-0.61279297,0.14294434,9.78125,
10.0,1558841025723.0,0.0013942719,-0.023239136,-0.011787415,
2.0,1558841025758.0,321.75,31.796875,-655.5,
9.0,1558841025759.0,-0.61279297,0.14294434,9.78125,
10.0,1558841025760.0,-0.006626129,-0.09246826,0.007896423,
2.0,1558841025761.0,334.25,20.390625,-643.5,
9.0,1558841025761.0,-0.6123047,0.14440918,9.78125,
10.0,1558841025761.0,0.019454956,0.14575195,0.058807373,
2.0,1558841025814.0,345.0,5.6992188,-626.0,
9.0,1558841025817.0,-0.6123047,0.14440918,9.78125,
10.0,1558841025818.0,-0.011657715,0.1505127,0.051635742,
2.0,1558841025819.0,350.25,-13.796875,-608.0,
9.0,1558841025820.0,-0.6123047,0.14440918,9.78125,
10.0,1558841025821.0,-0.00687027,-0.1295166,-0.0082092285,
2.0,1558841025821.0,351.75,-33.28125,-590.5,
9.0,1558841025821.0,-0.6118164,0.14453125,9.78125,
10.0,1558841025822.0,0.02619934,-0.1583252,-0.005847931,
2.0,1558841025875.0,353.25,-54.28125,-579.5,
9.0,1558841025880.0,-0.6118164,0.1505127,9.78125,
10.0,1558841025881.0,-0.03125,0.0031757355,0.03253174,
2.0,1558841025882.0,349.5,-98.6875,-563.0,
9.0,1558841025882.0,-0.6118164,0.15917969,9.78125,
10.0,1558841025883.0,0.023376465,0.1932373,-0.024795532,
2.0,1558841025885.0,343.5,-124.5,-554.0,
9.0,1558841025885.0,-0.6118164,0.16052246,9.78125,
10.0,1558841025885.0,-0.022094727,0.2397461,0.035064697,
2.0,1558841025935.0,335.25,-150.5,-550.5,
9.0,1558841025938.0,-0.6118164,0.15527344,9.78125,
10.0,1558841025939.0,-0.029281616,-0.11401367,0.008651733,
2.0,1558841025939.0,325.75,-173.0,-550.5,
9.0,1558841025940.0,-0.61083984,0.14941406,9.78125,
10.0,1558841025941.0,0.0848999,-0.39770508,-0.053710938,
2.0,1558841025950.0,315.75,-193.125,-553.0,
9.0,1558841025950.0,-0.61083984,0.15722656,9.78125,
10.0,1558841025966.0,-0.06109619,0.10900879,0.032562256,
2.0,1558841025996.0,289.75,-224.625,-566.0,
9.0,1558841025999.0,-0.61035156,0.16809082,9.78125,
10.0,1558841026000.0,0.053222656,0.2154541,-0.012756348,
2.0,1558841026001.0,274.5,-239.625,-577.0,
9.0,1558841026002.0,-0.61035156,0.16955566,9.78125,
10.0,1558841026002.0,-0.049713135,0.06317139,0.099731445,
2.0,1558841026002.0,256.75,-251.0,-588.5,
9.0,1558841026002.0,-0.6098633,0.16845703,9.78125,
10.0,1558841026003.0,0.009735107,0.11450195,0.008766174,
2.0,1558841026056.0,240.625,-261.75,-601.0,
9.0,1558841026057.0,-0.6098633,0.15844727,9.78125,
10.0,1558841026060.0,-0.0357666,-0.2775879,-0.09429932,
2.0,1558841026061.0,226.5,-270.25,-612.0,
9.0,1558841026063.0,-0.609375,0.15673828,9.78125,
10.0,1558841026063.0,0.0045814514,-0.17053223,0.010940552,
2.0,1558841026063.0,198.75,-282.0,-637.5,
9.0,1558841026063.0,-0.609375,0.16125488,9.78125,
10.0,1558841026064.0,-0.038482666,0.16247559,0.044525146,
2.0,1558841026117.0,185.75,-285.75,-648.5,
9.0,1558841026118.0,-0.609375,0.16467285,9.78125,
10.0,1558841026119.0,0.013786316,0.21887207,-0.048797607,
2.0,1558841026120.0,171.0,-287.0,-658.5,
9.0,1558841026121.0,-0.609375,0.15966797,9.78125,
10.0,1558841026121.0,0.006603241,-0.14233398,-0.012969971,
2.0,1558841026123.0,155.875,-286.5,-667.0,
9.0,1558841026124.0,-0.6088867,0.1583252,9.78125,
10.0,1558841026125.0,-0.017562866,-0.16491699,0.0013561249,
2.0,1558841026176.0,142.5,-282.5,-674.0,
9.0,1558841026178.0,-0.6088867,0.1583252,9.78125,
10.0,1558841026179.0,-0.034332275,0.048095703,0.0085372925,
2.0,1558841026180.0,129.5,-278.5,-676.5,
9.0,1558841026181.0,-0.6088867,0.15966797,9.78125,
10.0,1558841026181.0,-0.010650635,0.111328125,-0.029754639,
2.0,1558841026182.0,99.875,-263.5,-680.0,
9.0,1558841026182.0,-0.6088867,0.15966797,9.78125,
10.0,1558841026182.0,0.0013179779,0.022781372,-0.0034255981,
2.0,1558841026237.0,86.0625,-255.0,-680.5,
9.0,1558841026238.0,-0.60839844,0.16027832,9.78125,
10.0,1558841026238.0,-0.0037784576,-0.054382324,0.025283813,
2.0,1558841026239.0,74.4375,-245.0,-681.0,
9.0,1558841026240.0,-0.60839844,0.16027832,9.78125,
10.0,1558841026241.0,-0.025314331,-0.006511688,0.018096924,
2.0,1558841026242.0,61.125,-234.875,-681.0,
9.0,1558841026243.0,-0.60791016,0.16113281,9.78125,
10.0,1558841026243.0,-0.01360321,-0.0001745224,-0.017791748,
2.0,1558841026297.0,49.15625,-224.0,-679.0,
9.0,1558841026298.0,-0.60791016,0.16113281,9.78125,
10.0,1558841026299.0,-0.00642395,0.047698975,-0.015403748,
2.0,1558841026300.0,29.265625,-202.75,-681.5,
9.0,1558841026301.0,-0.60791016,0.1619873,9.78125,
10.0,1558841026302.0,-0.030532837,-0.0033912659,0.0037441254,
2.0,1558841026302.0,23.015625,-194.375,-682.5,
9.0,1558841026303.0,-0.60791016,0.1619873,9.78125,
10.0,1558841026303.0,-0.0018119812,-0.012962341,0.008529663,
2.0,1558841026357.0,17.65625,-186.5,-685.0,
9.0,1558841026360.0,-0.6074219,0.16235352,9.78125,
10.0,1558841026362.0,0.007408142,-0.075683594,-0.008232117,
2.0,1558841026368.0,14.8828125,-179.0,-687.0,
9.0,1558841026369.0,-0.6074219,0.16235352,9.78125,
10.0,1558841026369.0,-0.0021648407,-0.0038700104,-0.032165527,
2.0,1558841026369.0,10.0390625,-173.625,-690.0,
9.0,1558841026369.0,-0.6074219,0.16333008,9.78125,
10.0,1558841026369.0,-0.00484848,0.009605408,-0.015419006,
2.0,1558841026418.0,6.2265625,-163.5,-693.5,
9.0,1558841026419.0,-0.6074219,0.16333008,9.78125,
10.0,1558841026420.0,-0.002456665,-0.043060303,0.027664185,
2.0,1558841026421.0,6.578125,-161.625,-694.5,
9.0,1558841026422.0,-0.6069336,0.16394043,9.78125,
10.0,1558841026423.0,-0.014678955,-0.043670654,0.025268555,
2.0,1558841026423.0,5.0195313,-158.0,-698.0,
9.0,1558841026423.0,-0.6069336,0.16394043,9.78125,
10.0,1558841026423.0,0.013313293,0.0014562607,-0.020248413,
2.0,1558841026478.0,4.1484375,-155.625,-699.0,
9.0,1558841026480.0,-0.6069336,0.16455078,9.78125,
10.0,1558841026481.0,-0.0049819946,-0.03036499,0.03591919,
2.0,1558841026481.0,6.0585938,-154.125,-698.5,
9.0,1558841026482.0,-0.6069336,0.16455078,9.78125,
10.0,1558841026483.0,-0.015670776,-0.042053223,-0.011604309,
2.0,1558841026484.0,4.328125,-151.125,-701.5,
9.0,1558841026484.0,-0.6064453,0.16540527,9.78125,
10.0,1558841026484.0,0.00062179565,0.004081726,0.01386261,
2.0,1558841026538.0,4.328125,-148.5,-705.0,
9.0,1558841026540.0,-0.6064453,0.16540527,9.78125,
10.0,1558841026541.0,0.00050354004,-0.019958496,-0.013977051,
2.0,1558841026542.0,5.1875,-147.875,-705.5,
9.0,1558841026543.0,-0.60595703,0.16601563,9.78125,
10.0,1558841026544.0,-0.01335144,-0.016677856,-0.0016307831,
2.0,1558841026548.0,3.109375,-146.375,-707.0,
9.0,1558841026548.0,-0.60595703,0.16601563,9.78125,
10.0,1558841026548.0,-0.0069389343,-0.0018815994,-0.03427124,
2.0,1558841026599.0,3.109375,-146.0,-705.0,
9.0,1558841026600.0,-0.60595703,0.16662598,9.78125,
10.0,1558841026602.0,-0.007762909,-0.015602112,0.030395508,
2.0,1558841026602.0,3.8085938,-144.5,-706.5,
9.0,1558841026604.0,-0.60595703,0.16662598,9.78125,
10.0,1558841026610.0,0.007282257,0.041656494,0.030441284,
2.0,1558841026610.0,2.25,-142.5,-710.5,
9.0,1558841026611.0,-0.60546875,0.1673584,9.78125,
10.0,1558841026611.0,0.026870728,0.0059547424,-0.0335083,
2.0,1558841026660.0,1.8994141,-142.75,-710.5,
9.0,1558841026661.0,-0.60546875,0.1673584,9.78125,
10.0,1558841026665.0,-0.034454346,-0.02619934,0.021316528,
2.0,1558841026666.0,2.4199219,-141.25,-709.5,
9.0,1558841026667.0,-0.60546875,0.16796875,9.78125,
10.0,1558841026667.0,-0.016433716,-0.03326416,0.021133423,
2.0,1558841026667.0,1.3798828,-140.0,-711.5,
9.0,1558841026667.0,-0.60546875,0.16796875,9.78125,
10.0,1558841026668.0,-0.00749588,0.011817932,0.0035514832,
2.0,1558841026721.0,0.8598633,-140.375,-711.0,
9.0,1558841026722.0,-0.60546875,0.17163086,9.78125,
10.0,1558841026723.0,-0.04486084,0.04135132,-0.03390503,
2.0,1558841026724.0,0.5097656,-139.5,-710.5,
9.0,1558841026724.0,-0.60546875,0.17163086,9.78125,
10.0,1558841026726.0,-0.0440979,0.017974854,-0.00032019615,
2.0,1558841026726.0,-0.33984375,-139.75,-712.5,
9.0,1558841026727.0,-0.60498047,0.17297363,9.78125,
10.0,1558841026727.0,0.0009737015,0.09106445,0.032714844,
2.0,1558841026763.0,-1.3798828,-138.875,-711.0,
9.0,1558841026765.0,-0.60498047,0.17297363,9.78125,
10.0,1558841026766.0,0.008544922,-0.036743164,0.001291275,
2.0,1558841026766.0,0.33984375,-138.0,-711.5,
9.0,1558841026767.0,-0.60498047,0.17407227,9.78125,
10.0,1558841026767.0,0.029907227,0.046905518,-0.000895977,
2.0,1558841026821.0,-1.0292969,-138.0,-711.5,
9.0,1558841026823.0,-0.60498047,0.17407227,9.78125,
10.0,1558841026824.0,-0.02230835,0.024414063,-0.029800415,
2.0,1558841026825.0,-1.2099609,-138.5,-711.0,
9.0,1558841026826.0,-0.60498047,0.17480469,9.78125,
10.0,1558841026826.0,-0.035491943,-0.027359009,0.0030117035,
2.0,1558841026826.0,-1.3798828,-137.375,-712.0,
9.0,1558841026828.0,-0.60498047,0.17480469,9.78125,
10.0,1558841026828.0,-0.00548172,-0.045410156,-0.0014381409,
2.0,1558841026881.0,-0.6899414,-137.625,-710.0,
9.0,1558841026883.0,-0.60498047,0.17541504,9.78125,
10.0,1558841026884.0,-0.016098022,-0.027633667,0.0046577454,
2.0,1558841026886.0,-0.8598633,-137.625,-713.0,
9.0,1558841026886.0,-0.60498047,0.17541504,9.78125,
10.0,1558841026887.0,0.01991272,0.028030396,-0.023376465,
2.0,1558841026887.0,-1.8994141,-137.375,-711.0,
9.0,1558841026888.0,-0.6044922,0.17675781,9.78125,
10.0,1558841026888.0,0.019805908,0.074035645,-0.015045166,
2.0,1558841026942.0,-2.0683594,-137.0,-712.0,
9.0,1558841026943.0,-0.6044922,0.17675781,9.78125,
10.0,1558841026945.0,0.012168884,-0.0602417,0.0362854,
2.0,1558841026946.0,-1.2099609,-136.75,-711.5,
9.0,1558841026948.0,-0.6044922,0.17871094,9.78125,
10.0,1558841026949.0,-0.023147583,-0.09515381,0.054626465,
2.0,1558841026953.0,-1.0292969,-136.75,-712.0,
9.0,1558841026953.0,-0.6044922,0.18640137,9.78125,
10.0,1558841026954.0,-0.008781433,-0.055023193,-0.057739258,
2.0,1558841027002.0,-2.7695313,-136.75,-712.5,
9.0,1558841027003.0,-0.6044922,0.19714355,9.78125,
10.0,1558841027005.0,-0.025543213,0.09710693,-0.059906006,
2.0,1558841027007.0,-1.7294922,-136.75,-712.5,
9.0,1558841027009.0,-0.6044922,0.20239258,9.78125,
10.0,1558841027009.0,0.019927979,0.14916992,-0.009536743,
2.0,1558841027010.0,-2.0683594,-136.5,-712.0,
9.0,1558841027010.0,-0.6044922,0.20361328,9.78125,
10.0,1558841027011.0,-0.008895874,0.088256836,-0.021484375,
2.0,1558841027063.0,-1.8994141,-136.75,-712.5,
9.0,1558841027064.0,-0.6044922,0.20361328,9.78125,
10.0,1558841027065.0,-0.006504059,0.045135498,-0.011917114,
2.0,1558841027066.0,-1.7294922,-136.75,-712.5,
9.0,1558841027068.0,-0.6044922,0.20483398,9.78125,
10.0,1558841027069.0,-0.030441284,-0.07342529,-0.009498596,
2.0,1558841027069.0,-1.2099609,-137.0,-712.5,
9.0,1558841027069.0,-0.6040039,0.21057129,9.78125,
10.0,1558841027069.0,-0.008987427,0.083618164,-0.050079346,
2.0,1558841027123.0,-2.5898438,-136.5,-711.5,
9.0,1558841027124.0,-0.6040039,0.21057129,9.78125,
10.0,1558841027126.0,-0.016159058,0.14587402,-0.09075928,
2.0,1558841027128.0,-1.3798828,-136.125,-712.0,
9.0,1558841027128.0,-0.6040039,0.20666504,9.78125,
10.0,1558841027129.0,0.019500732,0.15686035,-0.023834229,
2.0,1558841027129.0,-1.0292969,-137.375,-711.5,
9.0,1558841027129.0,-0.6035156,0.19238281,9.78125,
10.0,1558841027130.0,0.050201416,0.08746338,-0.012191772,
2.0,1558841027168.0,-2.7695313,-136.125,-714.0,
9.0,1558841027169.0,-0.6040039,0.17504883,9.78125,
10.0,1558841027171.0,0.009719849,-0.08905029,-0.0005335808,
2.0,1558841027171.0,-1.7294922,-136.125,-712.5,
9.0,1558841027172.0,-0.6035156,0.16601563,9.78125,
10.0,1558841027172.0,-0.011917114,-0.07525635,0.0064811707,
2.0,1558841027224.0,-1.8994141,-135.0,-712.5,
9.0,1558841027225.0,-0.6035156,0.15881348,9.78125,
10.0,1558841027226.0,-0.009521484,-0.020233154,-0.019958496,
2.0,1558841027227.0,-1.5498047,-135.875,-713.0,
9.0,1558841027229.0,-0.6035156,0.15319824,9.78125,
10.0,1558841027230.0,-0.012008667,0.066711426,0.0038757324,
2.0,1558841027230.0,-1.8994141,-135.875,-710.5,
9.0,1558841027230.0,-0.6035156,0.1439209,9.78125,
10.0,1558841027231.0,0.050231934,0.049713135,-0.032165527,
2.0,1558841027285.0,-2.4199219,-136.125,-712.5,
9.0,1558841027286.0,-0.6035156,0.13391113,9.78125,
10.0,1558841027287.0,0.011924744,-0.06713867,-0.020339966,
2.0,1558841027288.0,-1.3798828,-135.875,-712.0,
9.0,1558841027291.0,-0.6035156,0.13269043,9.78125,
10.0,1558841027291.0,-0.01210022,0.029769897,0.013145447,
2.0,1558841027292.0,-0.5097656,-135.875,-713.5,
9.0,1558841027292.0,-0.6035156,0.13269043,9.78125,
10.0,1558841027292.0,-0.00013387203,0.08483887,-0.008392334,
2.0,1558841027345.0,-2.5898438,-135.875,-711.5,
9.0,1558841027346.0,-0.6035156,0.13256836,9.78125,
10.0,1558841027347.0,0.0044898987,0.087402344,-0.025161743,
2.0,1558841027349.0,-1.2099609,-136.125,-710.5,
9.0,1558841027351.0,-0.6035156,0.124694824,9.78125,
10.0,1558841027352.0,0.033203125,-0.021987915,-0.022872925,
2.0,1558841027352.0,-2.9394531,-135.25,-712.5,
9.0,1558841027353.0,-0.6035156,0.11505127,9.78125,
10.0,1558841027354.0,-0.0050811768,-0.002773285,-0.0014505386,
2.0,1558841027405.0,-2.0683594,-136.125,-711.5,
9.0,1558841027406.0,-0.60302734,0.1071167,9.78125,
10.0,1558841027408.0,0.0067100525,-0.02355957,-0.020690918,
2.0,1558841027409.0,-1.0292969,-136.5,-710.0,
9.0,1558841027410.0,-0.60302734,0.099731445,9.78125,
10.0,1558841027411.0,-0.024398804,-0.016204834,0.03186035,
2.0,1558841027411.0,-1.3798828,-136.75,-711.0,
9.0,1558841027411.0,-0.60302734,0.09625244,9.78125,
10.0,1558841027412.0,-0.041107178,-0.022247314,0.015090942,
2.0,1558841027466.0,-2.25,-135.5,-711.0,
9.0,1558841027467.0,-0.60302734,0.09625244,9.78125,
10.0,1558841027469.0,-0.014793396,-0.027038574,-0.030380249,
2.0,1558841027470.0,-1.5498047,-135.25,-713.0,
9.0,1558841027471.0,-0.60302734,0.09625244,9.78125,
10.0,1558841027472.0,0.006752014,0.011253357,-0.004055023,
2.0,1558841027472.0,-2.4199219,-135.25,-713.0,
9.0,1558841027472.0,-0.60302734,0.09680176,9.78125,
10.0,1558841027473.0,-0.0005636215,-0.03479004,-0.03994751,
2.0,1558841027526.0,-2.0683594,-136.125,-711.5,
9.0,1558841027527.0,-0.60302734,0.09680176,9.78125,
10.0,1558841027528.0,-0.019714355,-0.0013008118,0.031829834,
2.0,1558841027529.0,-1.0292969,-136.5,-710.0,
9.0,1558841027531.0,-0.60302734,0.09680176,9.78125,
10.0,1558841027532.0,-0.014923096,0.07525635,0.0031223297,
2.0,1558841027532.0,-1.2099609,-135.875,-711.5,
9.0,1558841027532.0,-0.60302734,0.09613037,9.78125,
10.0,1558841027533.0,-0.000705719,0.04244995,-0.008857727,
2.0,1558841027571.0,-2.7695313,-136.125,-711.5,
9.0,1558841027572.0,-0.60302734,0.09173584,9.78125,
10.0,1558841027573.0,-0.017456055,-0.11834717,-0.030441284,
2.0,1558841027574.0,-1.2099609,-136.125,-710.5,
9.0,1558841027574.0,-0.60253906,0.091430664,9.78125,
10.0,1558841027575.0,0.027755737,0.06149292,-0.040039063,
2.0,1558841027627.0,-2.0683594,-135.875,-711.5,
9.0,1558841027628.0,-0.60253906,0.09008789,9.78125,
10.0,1558841027629.0,-0.056030273,-0.087890625,-0.013725281,
2.0,1558841027631.0,-0.8598633,-136.125,-711.5,
9.0,1558841027633.0,-0.60253906,0.09008789,9.78125,
10.0,1558841027633.0,0.0109939575,-0.006538391,0.01499939,
2.0,1558841027633.0,-1.2099609,-135.5,-711.5,
9.0,1558841027634.0,-0.60253906,0.09082031,9.78125,
10.0,1558841027634.0,-0.027313232,-0.004875183,-0.025680542,
2.0,1558841027688.0,-2.25,-135.5,-711.0,
9.0,1558841027689.0,-0.60253906,0.09082031,9.78125,
10.0,1558841027690.0,-0.015350342,0.016662598,-0.028076172,
2.0,1558841027691.0,-0.33984375,-136.5,-712.0,
9.0,1558841027694.0,-0.60253906,0.09106445,9.78125,
10.0,1558841027694.0,0.004863739,-0.0836792,-0.01499939,
2.0,1558841027695.0,-1.3798828,-136.5,-712.0,
9.0,1558841027695.0,-0.60253906,0.09106445,9.78125,
10.0,1558841027695.0,0.0058784485,-0.03869629,0.013053894,
2.0,1558841027748.0,-2.5898438,-135.5,-713.0,
9.0,1558841027749.0,-0.60253906,0.09106445,9.78125,
10.0,1558841027750.0,0.008636475,0.06561279,-0.026260376,
2.0,1558841027752.0,-0.8598633,-135.25,-711.0,
9.0,1558841027753.0,-0.60253906,0.09222412,9.78125,
10.0,1558841027755.0,0.0010433197,0.07354736,-0.013511658,
2.0,1558841027755.0,-1.7294922,-135.0,-713.0,
9.0,1558841027756.0,-0.60253906,0.09222412,9.78125,
10.0,1558841027756.0,0.008598328,-0.04901123,-0.005130768,
2.0,1558841027811.0,-2.25,-134.625,-711.5,
9.0,1558841027818.0,-0.6020508,0.0925293,9.78125,
10.0,1558841027818.0,-0.012512207,-0.06903076,-0.006095886,
2.0,1558841027821.0,-2.0683594,-134.625,-712.5,
9.0,1558841027840.0,-0.6020508,0.0925293,9.78125,
10.0,1558841027840.0,-0.015945435,0.017745972,-0.0010614395,
2.0,1558841027841.0,-2.5898438,-135.25,-712.5,
9.0,1558841027841.0,-0.6020508,0.0925293,9.78125,
10.0,1558841027841.0,-0.012924194,0.04345703,-0.01637268,
2.0,1558841027850.0,-2.9394531,-134.625,-711.0,
9.0,1558841027851.0,-0.6020508,0.09185791,9.78125,
10.0,1558841027855.0,0.020355225,0.0067481995,-0.009399414,
2.0,1558841027856.0,-0.5097656,-135.875,-713.0,
9.0,1558841027856.0,-0.6020508,0.08758545,9.78125,
10.0,1558841027856.0,-0.031982422,-0.08203125,0.021438599,
2.0,1558841027909.0,-1.5498047,-135.25,-711.0,
9.0,1558841027910.0,-0.6020508,0.087890625,9.78125,
10.0,1558841027913.0,0.0030555725,-0.051208496,-0.007843018,
2.0,1558841027914.0,-0.6899414,-135.875,-711.0,
9.0,1558841027915.0,-0.6020508,0.087890625,9.78125,
10.0,1558841027921.0,-0.009155273,0.037994385,-0.0063552856,
2.0,1558841027921.0,-1.7294922,-135.5,-712.5,
9.0,1558841027922.0,-0.6020508,0.087890625,9.78125,
10.0,1558841027922.0,0.019729614,0.048217773,-0.0032100677,
2.0,1558841027970.0,-2.0683594,-135.875,-711.5,
9.0,1558841027971.0,-0.6015625,0.08850098,9.78125,
10.0,1558841027972.0,-0.003501892,-0.0060310364,-0.00066185,
2.0,1558841027976.0,-0.6899414,-135.5,-712.0,
9.0,1558841027977.0,-0.6015625,0.08850098,9.78125,
10.0,1558841027977.0,-0.008651733,-0.09020996,0.026611328,
2.0,1558841027978.0,-1.5498047,-135.5,-713.5,
9.0,1558841027978.0,-0.6015625,0.08905029,9.78125,
10.0,1558841027978.0,0.010292053,-0.0036888123,0.00021970272,
2.0,1558841028030.0,-2.25,-135.875,-712.5,
9.0,1558841028031.0,-0.6015625,0.08905029,9.78125,
10.0,1558841028032.0,0.006401062,0.03579712,-0.02696228,
2.0,1558841028034.0,-2.4199219,-135.5,-711.5,
9.0,1558841028035.0,-0.6015625,0.08972168,9.78125,
10.0,1558841028035.0,-0.0026721954,0.018722534,0.009178162,
2.0,1558841028035.0,-2.25,-135.875,-711.5,
9.0,1558841028035.0,-0.6015625,0.08972168,9.78125,
10.0,1558841028036.0,0.0017127991,-0.064331055,0.0151901245,
2.0,1558841028091.0,-2.0683594,-135.5,-711.5,
9.0,1558841028092.0,-0.6010742,0.090026855,9.78125,
10.0,1558841028093.0,0.0012693405,-0.04071045,-0.0012741089,
2.0,1558841028093.0,-0.33984375,-136.125,-711.5,
9.0,1558841028094.0,-0.6010742,0.090026855,9.78125,
10.0,1558841028095.0,-0.024169922,-0.023269653,-0.0068473816,
2.0,1558841028095.0,-1.7294922,-135.0,-711.0,
9.0,1558841028096.0,-0.6010742,0.09075928,9.78125,
10.0,1558841028096.0,-0.0002837181,0.046447754,0.00026893616,
2.0,1558841028151.0,-2.5898438,-135.25,-711.5,
9.0,1558841028152.0,-0.6010742,0.09075928,9.78125,
10.0,1558841028153.0,0.015281677,0.026000977,-0.003660202,
2.0,1558841028154.0,-1.0292969,-135.875,-711.0,
9.0,1558841028155.0,-0.6010742,0.09112549,9.78125,
10.0,1558841028156.0,-0.009017944,-0.027709961,0.022232056,
2.0,1558841028160.0,-2.25,-135.875,-711.0,
9.0,1558841028160.0,-0.6010742,0.09112549,9.78125,
10.0,1558841028161.0,0.0023899078,-0.043762207,-0.0033130646,
2.0,1558841028213.0,-2.0683594,-135.25,-713.0,
9.0,1558841028214.0,-0.6010742,0.091918945,9.78125,
10.0,1558841028215.0,0.005695343,0.04537964,-0.022064209,
2.0,1558841028216.0,-0.5097656,-135.875,-711.5,
9.0,1558841028216.0,-0.6010742,0.091918945,9.78125,
10.0,1558841028218.0,-0.022521973,0.021240234,0.0073242188,
2.0,1558841028218.0,-1.7294922,-135.5,-711.0,
9.0,1558841028219.0,-0.6010742,0.09210205,9.78125,
10.0,1558841028219.0,-0.006664276,-0.056640625,-0.011520386,
2.0,1558841028272.0,-1.8994141,-134.625,-710.0,
9.0,1558841028273.0,-0.6010742,0.09210205,9.78125,
10.0,1558841028274.0,0.010108948,0.021987915,0.008117676,
2.0,1558841028275.0,-1.0292969,-136.5,-712.0,
9.0,1558841028276.0,-0.6010742,0.09222412,9.78125,
10.0,1558841028276.0,-0.018951416,-0.055999756,0.01626587,
2.0,1558841028277.0,-1.3798828,-135.5,-712.0,
9.0,1558841028277.0,-0.6010742,0.09222412,9.78125,
10.0,1558841028277.0,-0.0037212372,-0.00076436996,-0.008140564,
2.0,1558841028332.0,-1.7294922,-135.0,-713.0,
9.0,1558841028334.0,-0.60058594,0.09246826,9.78125,
10.0,1558841028335.0,0.00079107285,-0.03375244,0.008911133,
2.0,1558841028336.0,-0.8598633,-135.0,-711.0,
9.0,1558841028337.0,-0.60058594,0.09436035,9.78125,
10.0,1558841028337.0,-0.0014419556,-0.023651123,0.01449585,
2.0,1558841028337.0,-1.3798828,-135.875,-711.5,
9.0,1558841028338.0,-0.60058594,0.10406494,9.78125,
10.0,1558841028338.0,0.017547607,-0.040527344,-0.011741638,
2.0,1558841028376.0,-2.5898438,-135.0,-712.5,
9.0,1558841028377.0,-0.60058594,0.11639404,9.78125,
10.0,1558841028378.0,-0.032714844,0.07159424,-0.009208679,
2.0,1558841028379.0,-1.3798828,-135.875,-709.0,
9.0,1558841028379.0,-0.60058594,0.12634277,9.78125,
10.0,1558841028379.0,0.01737976,0.044891357,-0.028244019,
2.0,1558841028433.0,-1.0292969,-135.875,-712.5,
9.0,1558841028435.0,-0.60058594,0.13085938,9.78125,
10.0,1558841028435.0,0.005420685,0.0881958,0.0029335022,
2.0,1558841028436.0,-1.2099609,-135.25,-711.0,
9.0,1558841028437.0,-0.60058594,0.13146973,9.78125,
10.0,1558841028438.0,-0.0065956116,0.04928589,-0.016204834,
2.0,1558841028438.0,-2.9394531,-135.0,-711.0,
9.0,1558841028439.0,-0.60058594,0.13146973,9.78125,
10.0,1558841028439.0,-0.0018081665,0.008583069,0.0005440712,
2.0,1558841028493.0,-2.25,-135.25,-712.5,
9.0,1558841028495.0,-0.60058594,0.13183594,9.78125,
10.0,1558841028495.0,-0.020935059,-0.018035889,0.0077323914,
2.0,1558841028497.0,-1.2099609,-135.875,-711.5,
9.0,1558841028497.0,-0.60058594,0.13183594,9.78125,
10.0,1558841028498.0,0.00059890747,-0.001282692,0.012519836,
2.0,1558841028499.0,-0.8598633,-135.0,-712.5,
9.0,1558841028499.0,-0.60009766,0.13232422,9.78125,
10.0,1558841028499.0,0.02909851,0.026931763,0.022079468,
2.0,1558841028554.0,-0.6899414,-136.125,-711.5,
9.0,1558841028556.0,-0.60009766,0.13232422,9.78125,
10.0,1558841028557.0,0.0075531006,0.038879395,-0.059295654,
2.0,1558841028558.0,-0.5097656,-135.0,-714.0,
9.0,1558841028559.0,-0.60009766,0.13269043,9.78125,
10.0,1558841028559.0,-0.035461426,-0.0069274902,0.022094727,
2.0,1558841028563.0,-2.25,-135.5,-711.5,
9.0,1558841028563.0,-0.60009766,0.13269043,9.78125,
10.0,1558841028564.0,-0.013908386,0.07446289,-0.016204834,
2.0,1558841028615.0,-2.0683594,-135.5,-712.0,
9.0,1558841028616.0,-0.60009766,0.13317871,9.78125,
10.0,1558841028616.0,0.028945923,0.0236969,0.007724762,
2.0,1558841028617.0,-0.8598633,-136.125,-711.5,
9.0,1558841028618.0,-0.60009766,0.13317871,9.78125,
10.0,1558841028619.0,-0.0045547485,0.03086853,-0.0018482208,
2.0,1558841028620.0,-0.33984375,-135.0,-711.5,
9.0,1558841028620.0,-0.60009766,0.13330078,9.78125,
10.0,1558841028620.0,-0.0069999695,-0.04348755,-0.0066375732,
2.0,1558841028675.0,-1.7294922,-135.875,-711.0,
9.0,1558841028676.0,-0.60009766,0.13330078,9.78125,
10.0,1558841028677.0,-0.002210617,0.052246094,0.010116577,
2.0,1558841028678.0,-1.2099609,-135.5,-711.0,
9.0,1558841028679.0,-0.60009766,0.13342285,9.78125,
10.0,1558841028680.0,0.019165039,-0.05319214,-0.0066452026,
2.0,1558841028681.0,-1.7294922,-135.875,-712.5,
9.0,1558841028681.0,-0.60009766,0.1348877,9.78125,
10.0,1558841028681.0,-0.033477783,-0.059387207,0.046020508,
2.0,1558841028735.0,-2.0683594,-135.5,-711.5,
9.0,1558841028736.0,-0.5996094,0.13928223,9.78125,
10.0,1558841028738.0,-6.145239e-05,-0.004020691,-0.03289795,
2.0,1558841028739.0,-1.0292969,-135.875,-711.5,
9.0,1558841028740.0,-0.5996094,0.13928223,9.78125,
10.0,1558841028741.0,0.0020980835,0.12561035,-0.027450562,
2.0,1558841028741.0,-1.5498047,-135.875,-713.0,
9.0,1558841028741.0,-0.5996094,0.14025879,9.78125,
10.0,1558841028741.0,-0.0041542053,0.068115234,-0.028045654,
2.0,1558841028779.0,-2.25,-136.5,-711.0,
9.0,1558841028781.0,-0.5996094,0.14025879,9.78125,
10.0,1558841028782.0,-0.016937256,-0.086364746,0.052886963,
2.0,1558841028782.0,-1.0292969,-136.125,-711.0,
9.0,1558841028783.0,-0.5996094,0.14013672,9.78125,
10.0,1558841028783.0,0.0017356873,-0.09118652,-0.011444092,
2.0,1558841028837.0,-2.0683594,-135.0,-712.5,
9.0,1558841028838.0,-0.5996094,0.14013672,9.78125,
10.0,1558841028839.0,0.0033454895,0.0056266785,-0.005393982,
2.0,1558841028840.0,-1.0292969,-136.125,-714.0,
9.0,1558841028840.0,-0.5996094,0.14111328,9.78125,
10.0,1558841028842.0,0.010368347,0.1161499,-0.029571533,
2.0,1558841028842.0,-2.0683594,-136.125,-712.5,
9.0,1558841028842.0,-0.5996094,0.13977051,9.78125,
10.0,1558841028842.0,0.004524231,0.035247803,0.0012378693,
2.0,1558841028897.0,-2.5898438,-135.25,-711.0,
9.0,1558841028898.0,-0.5996094,0.13806152,9.78125,
10.0,1558841028898.0,0.011550903,-0.1665039,0.053863525,
2.0,1558841028900.0,-1.2099609,-136.125,-712.5,
9.0,1558841028901.0,-0.5996094,0.13806152,9.78125,
10.0,1558841028902.0,0.004371643,-0.020507813,-0.032287598,
2.0,1558841028902.0,-2.5898438,-135.5,-711.5,
9.0,1558841028902.0,-0.5991211,0.13891602,9.78125,
10.0,1558841028902.0,-0.002866745,0.08148193,-0.022720337,
2.0,1558841028957.0,-2.4199219,-135.25,-711.5,
9.0,1558841028959.0,-0.5991211,0.13891602,9.78125,
10.0,1558841028960.0,-0.029190063,-0.019012451,0.037109375,
2.0,1558841028961.0,-1.5498047,-135.25,-711.5,
9.0,1558841028961.0,-0.5991211,0.13928223,9.78125,
10.0,1558841028962.0,0.01612854,-0.033721924,-0.005973816,
2.0,1558841028966.0,-2.4199219,-135.5,-711.0,
9.0,1558841028966.0,-0.5991211,0.13928223,9.78125,
10.0,1558841028966.0,-0.01259613,-0.038482666,0.013175964,
2.0,1558841029018.0,-1.2099609,-135.25,-711.0,
9.0,1558841029019.0,-0.5991211,0.13977051,9.78125,
10.0,1558841029020.0,0.018356323,-0.007843018,0.0107803345,
2.0,1558841029021.0,-1.3798828,-136.125,-711.5,
9.0,1558841029022.0,-0.5991211,0.13977051,9.78125,
10.0,1558841029023.0,-0.007972717,0.018478394,-0.0059776306,
2.0,1558841029024.0,-1.0292969,-136.125,-711.0,
9.0,1558841029024.0,-0.5991211,0.14025879,9.78125,
10.0,1558841029024.0,-0.0056381226,-0.003540039,0.008384705,
2.0,1558841029078.0,-1.8994141,-135.5,-711.0,
9.0,1558841029079.0,-0.5991211,0.14025879,9.78125,
10.0,1558841029080.0,-0.008033752,-0.02268982,-0.008361816,
2.0,1558841029081.0,-1.8994141,-135.0,-710.0,
9.0,1558841029082.0,-0.5991211,0.14025879,9.78125,
10.0,1558841029083.0,-0.010421753,-0.15905762,0.013175964,
2.0,1558841029083.0,-1.8994141,-135.25,-711.5,
9.0,1558841029083.0,-0.5991211,0.14086914,9.78125,
10.0,1558841029084.0,-0.005695343,0.026947021,0.008392334,
2.0,1558841029138.0,-1.8994141,-135.0,-711.5,
9.0,1558841029141.0,-0.5991211,0.14086914,9.78125,
10.0,1558841029142.0,-0.012870789,0.03652954,-0.017929077,
2.0,1558841029143.0,0.0,-135.875,-711.0,
9.0,1558841029143.0,-0.5991211,0.14135742,9.78125,
10.0,1558841029144.0,-0.031951904,0.0072631836,-0.0059547424,
2.0,1558841029144.0,-1.3798828,-135.25,-711.0,
9.0,1558841029144.0,-0.5991211,0.14135742,9.78125,
10.0,1558841029144.0,-0.005622864,-0.0023117065,-0.032287598,
2.0,1558841029181.0,-1.5498047,-135.25,-711.0,
9.0,1558841029182.0,-0.5991211,0.14135742,9.78125,
10.0,1558841029183.0,-0.017593384,-0.0836792,0.025161743,
2.0,1558841029184.0,-1.3798828,-135.0,-712.5,
9.0,1558841029184.0,-0.5986328,0.14160156,9.78125,
10.0,1558841029185.0,0.01576233,-0.06707764,0.020370483,
2.0,1558841029239.0,-1.8994141,-136.125,-711.0,
9.0,1558841029241.0,-0.5986328,0.14160156,9.78125,
10.0,1558841029244.0,-0.0009946823,-0.014457703,-0.010749817,
2.0,1558841029245.0,-1.0292969,-135.5,-712.0,
9.0,1558841029246.0,-0.5986328,0.14208984,9.78125,
10.0,1558841029247.0,0.027511597,0.016082764,0.027542114,
2.0,1558841029247.0,0.0,-136.5,-712.0,
9.0,1558841029247.0,-0.5986328,0.14208984,9.78125,
10.0,1558841029248.0,-0.017959595,-0.10119629,0.0036067963,
2.0,1558841029299.0,-1.8994141,-136.125,-712.5,
9.0,1558841029301.0,-0.5986328,0.14208984,9.78125,
10.0,1558841029302.0,-0.0012111664,-0.055725098,0.010787964,
2.0,1558841029303.0,-0.6899414,-137.0,-712.0,
9.0,1558841029304.0,-0.5986328,0.14233398,9.78125,
10.0,1558841029305.0,-0.020339966,-0.05355835,-0.022720337,
2.0,1558841029306.0,-1.2099609,-136.5,-712.5,
9.0,1558841029306.0,-0.5986328,0.14233398,9.78125,
10.0,1558841029307.0,-0.0059776306,-0.044006348,0.008399963,
2.0,1558841029360.0,-2.4199219,-136.75,-712.0,
9.0,1558841029362.0,-0.5986328,0.14257813,9.78125,
10.0,1558841029364.0,0.0058784485,-0.05380249,0.010787964,
2.0,1558841029365.0,-0.6899414,-137.0,-714.0,
9.0,1558841029366.0,-0.5986328,0.14257813,9.78125,
10.0,1558841029367.0,0.0034866333,-0.01789856,0.022750854,
2.0,1558841029367.0,-1.5498047,-135.5,-711.5,
9.0,1558841029368.0,-0.5986328,0.14257813,9.78125,
10.0,1558841029369.0,0.008270264,-0.04663086,0.0012159348,
2.0,1558841029421.0,-2.7695313,-135.875,-712.0,
9.0,1558841029422.0,-0.5986328,0.1430664,9.78125,
10.0,1558841029423.0,0.0009994507,-0.020690918,0.029937744,
2.0,1558841029424.0,-2.4199219,-135.5,-711.5,
9.0,1558841029425.0,-0.5986328,0.1430664,9.78125,
10.0,1558841029426.0,-0.0061798096,-0.023086548,0.010787964,
2.0,1558841029426.0,-2.0683594,-136.125,-714.0,
9.0,1558841029426.0,-0.59814453,0.14343262,9.78125,
10.0,1558841029426.0,0.012825012,-0.011566162,0.017959595,
2.0,1558841029481.0,-3.2890625,-134.625,-711.0,
9.0,1558841029482.0,-0.59814453,0.14343262,9.78125,
10.0,1558841029483.0,-0.011116028,-0.085754395,-0.0035743713,
2.0,1558841029484.0,-1.3798828,-135.875,-712.5,
9.0,1558841029486.0,-0.59814453,0.14343262,9.78125,
10.0,1558841029486.0,-0.011116028,-0.028320313,-0.015541077,
2.0,1558841029486.0,-3.109375,-136.125,-712.0,
9.0,1558841029487.0,-0.59814453,0.14404297,9.78125,
10.0,1558841029487.0,0.010299683,0.026107788,0.0036067963,
2.0,1558841029541.0,-3.4589844,-135.875,-712.5,
9.0,1558841029543.0,-0.59814453,0.14404297,9.78125,
10.0,1558841029544.0,0.00072431564,-0.016983032,0.010787964,
2.0,1558841029546.0,-2.0683594,-135.25,-711.5,
9.0,1558841029547.0,-0.59814453,0.14453125,9.78125,
10.0,1558841029548.0,0.017303467,-0.01977539,0.044281006,
2.0,1558841029549.0,-2.9394531,-136.125,-712.5,
9.0,1558841029550.0,-0.59814453,0.14453125,9.78125,
10.0,1558841029550.0,-0.013809204,-0.02696228,-0.017929077,
2.0,1558841029602.0,-3.109375,-135.5,-711.5,
9.0,1558841029604.0,-0.59814453,0.14453125,9.78125,
10.0,1558841029604.0,-0.0018424988,0.02809143,0.001209259,
2.0,1558841029606.0,-2.4199219,-135.5,-711.5,
9.0,1558841029607.0,-0.59814453,0.14477539,9.78125,
10.0,1558841029608.0,-0.03286743,-0.034454346,-0.010749817,
2.0,1558841029608.0,-2.5898438,-135.5,-713.0,
9.0,1558841029608.0,-0.59814453,0.14477539,9.78125,
10.0,1558841029609.0,-0.0256958,-0.0847168,0.015579224,
2.0,1558841029663.0,-3.4589844,-136.125,-711.5,
9.0,1558841029664.0,-0.59765625,0.14477539,9.78125,
10.0,1558841029667.0,0.014839172,-0.103881836,-0.003578186,
2.0,1558841029668.0,-2.0683594,-135.875,-711.5,
9.0,1558841029669.0,-0.59765625,0.14477539,9.78125,
10.0,1558841029669.0,-0.004306793,-0.012931824,-0.005970001,
2.0,1558841029669.0,-1.3798828,-135.875,-712.5,
9.0,1558841029669.0,-0.59765625,0.14477539,9.78125,
10.0,1558841029670.0,0.043548584,-0.015327454,0.044281006,
2.0,1558841029723.0,-2.25,-135.5,-710.5,
9.0,1558841029724.0,-0.59765625,0.1451416,9.78125,
10.0,1558841029725.0,-0.0067481995,-0.030044556,-0.013145447,
2.0,1558841029726.0,-3.109375,-136.125,-712.0,
9.0,1558841029728.0,-0.59765625,0.1451416,9.78125,
10.0,1558841029728.0,0.012397766,0.025009155,-0.003572464,
2.0,1558841029729.0,-2.7695313,-136.125,-712.0,
9.0,1558841029729.0,-0.59765625,0.1451416,9.78125,
10.0,1558841029730.0,-0.033081055,-0.056365967,-0.0011806488,
2.0,1558841029783.0,-2.7695313,-136.125,-712.5,
9.0,1558841029784.0,-0.59765625,0.14489746,9.78125,
10.0,1558841029786.0,0.007484436,-0.15905762,0.044281006,
2.0,1558841029791.0,-2.25,-137.0,-713.0,
9.0,1558841029792.0,-0.59765625,0.14819336,9.78125,
10.0,1558841029792.0,0.0045814514,0.024093628,-0.050567627,
2.0,1558841029793.0,-2.25,-137.375,-713.0,
9.0,1558841029793.0,-0.59765625,0.14892578,9.78125,
10.0,1558841029793.0,-0.0041007996,0.04208374,0.023025513,
2.0,1558841029844.0,-2.7695313,-136.5,-712.0,
9.0,1558841029845.0,-0.59765625,0.14892578,9.78125,
10.0,1558841029847.0,-0.0013837814,-0.04537964,0.03414917,
2.0,1558841029850.0,-2.25,-136.125,-711.0,
9.0,1558841029851.0,-0.59765625,0.14892578,9.78125,
10.0,1558841029852.0,0.0066337585,-0.11236572,0.04510498,
2.0,1558841029852.0,-2.4199219,-135.875,-711.5,
9.0,1558841029852.0,-0.59765625,0.15039063,9.78125,
10.0,1558841029852.0,-0.0062789917,-0.051635742,-0.0758667,
2.0,1558841029905.0,-2.7695313,-136.125,-712.5,
9.0,1558841029906.0,-0.59765625,0.15185547,9.78125,
10.0,1558841029907.0,-0.0050849915,0.06945801,-0.042053223,
2.0,1558841029908.0,-2.7695313,-135.875,-710.0,
9.0,1558841029909.0,-0.59765625,0.15270996,9.78125,
10.0,1558841029910.0,-0.008033752,0.06915283,0.051239014,
2.0,1558841029911.0,-1.7294922,-136.75,-713.0,
9.0,1558841029911.0,-0.59765625,0.15270996,9.78125,
10.0,1558841029911.0,0.020629883,-0.10296631,0.02017212,
2.0,1558841029965.0,-3.4589844,-135.875,-711.5,
9.0,1558841029966.0,-0.59765625,0.15270996,9.78125,
10.0,1558841029968.0,0.02835083,-0.050445557,-0.055389404,
2.0,1558841029969.0,-2.5898438,-135.875,-711.5,
9.0,1558841029970.0,-0.59765625,0.15307617,9.78125,
10.0,1558841029971.0,-0.021621704,0.020812988,-0.004142761,
2.0,1558841029972.0,-3.6289063,-136.125,-711.0,
9.0,1558841029973.0,-0.59765625,0.15307617,9.78125,
10.0,1558841029973.0,-0.0058784485,0.05758667,0.041229248,
2.0,1558841030025.0,-3.109375,-136.125,-712.0,
9.0,1558841030026.0,-0.59765625,0.15344238,9.78125,
10.0,1558841030027.0,-0.008666992,-0.011795044,-0.018936157,
2.0,1558841030029.0,-3.2890625,-135.0,-713.5,
9.0,1558841030030.0,-0.59765625,0.15344238,9.78125,
10.0,1558841030031.0,-0.008956909,-0.10455322,-0.030853271,
2.0,1558841030032.0,-2.9394531,-135.875,-711.5,
9.0,1558841030032.0,-0.59765625,0.15356445,9.78125,
10.0,1558841030032.0,0.006225586,-0.01309967,0.029296875,
2.0,1558841030086.0,-4.328125,-135.875,-711.0,
9.0,1558841030087.0,-0.59765625,0.15356445,9.78125,
10.0,1558841030089.0,0.024429321,-0.0435791,0.085754395,
2.0,1558841030090.0,-2.0683594,-136.5,-711.5,
9.0,1558841030091.0,-0.59765625,0.15429688,9.78125,
10.0,1558841030092.0,-0.011253357,0.07470703,-0.04296875,
2.0,1558841030092.0,-1.0292969,-137.375,-714.0,
9.0,1558841030092.0,-0.59765625,0.15429688,9.78125,
10.0,1558841030092.0,-0.06390381,0.20629883,-0.03817749,
2.0,1558841030146.0,-3.109375,-136.5,-713.0,
9.0,1558841030147.0,-0.59765625,0.1541748,9.78125,
10.0,1558841030149.0,-0.032714844,-0.07836914,0.014472961,
2.0,1558841030151.0,-2.7695313,-136.5,-711.0,
9.0,1558841030152.0,-0.59765625,0.1541748,9.78125,
10.0,1558841030152.0,0.01991272,-0.061645508,0.03363037,
2.0,1558841030152.0,-2.7695313,-136.125,-712.0,
9.0,1558841030153.0,-0.59765625,0.1541748,9.78125,
10.0,1558841030153.0,-0.025497437,-0.040100098,-0.0022735596,
2.0,1558841030189.0,-2.4199219,-136.5,-712.5,
9.0,1558841030190.0,-0.59765625,0.1538086,9.78125,
10.0,1558841030191.0,-0.068481445,0.05117798,-0.0309906,
2.0,1558841030192.0,-2.5898438,-136.125,-711.5,
9.0,1558841030192.0,-0.59765625,0.1538086,9.78125,
10.0,1558841030192.0,-0.025375366,-0.05407715,0.014480591,
2.0,1558841030247.0,-2.9394531,-135.875,-711.5,
9.0,1558841030248.0,-0.59765625,0.1538086,9.78125,
10.0,1558841030250.0,-0.027770996,-0.10913086,0.03842163,
2.0,1558841030251.0,-2.7695313,-135.875,-711.5,
9.0,1558841030252.0,-0.59765625,0.15539551,9.78125,
10.0,1558841030253.0,-0.0062828064,-0.060516357,0.00014293194,
2.0,1558841030253.0,-2.9394531,-136.5,-711.5,
9.0,1558841030253.0,-0.59765625,0.1652832,9.78125,
10.0,1558841030253.0,0.015258789,0.013374329,-0.009269714,
2.0,1558841030307.0,-3.2890625,-135.875,-712.5,
9.0,1558841030309.0,-0.59716797,0.17480469,9.78125,
10.0,1558841030310.0,0.038909912,0.09008789,-0.021087646,
2.0,1558841030311.0,-2.4199219,-135.875,-711.0,
9.0,1558841030312.0,-0.59716797,0.17614746,9.78125,
10.0,1558841030313.0,0.01737976,-0.002216339,0.014839172,
2.0,1558841030314.0,-1.5498047,-135.875,-712.5,
9.0,1558841030314.0,-0.59716797,0.18127441,9.78125,
10.0,1558841030314.0,-0.023284912,-0.0791626,-0.013793945,
2.0,1558841030369.0,-3.9785156,-136.5,-711.0,
9.0,1558841030371.0,-0.59716797,0.18969727,9.78125,
10.0,1558841030372.0,-0.001742363,-0.025314331,0.007911682,
2.0,1558841030373.0,-3.109375,-135.5,-711.0,
9.0,1558841030374.0,-0.59765625,0.19970703,9.78125,
10.0,1558841030375.0,-0.035186768,0.024490356,0.060760498,
2.0,1558841030376.0,-3.4589844,-135.875,-711.5,
9.0,1558841030377.0,-0.59765625,0.2088623,9.78125,
10.0,1558841030377.0,0.031829834,0.032073975,-0.0491333,
2.0,1558841030428.0,-3.8085938,-135.25,-711.0,
9.0,1558841030430.0,-0.59716797,0.2142334,9.78125,
10.0,1558841030431.0,0.02204895,0.053009033,-0.0059509277,
2.0,1558841030432.0,-2.4199219,-136.125,-711.5,
9.0,1558841030433.0,-0.59716797,0.21557617,9.78125,
10.0,1558841030434.0,-0.011451721,0.018203735,0.015617371,
2.0,1558841030435.0,-2.9394531,-136.125,-711.0,
9.0,1558841030435.0,-0.59716797,0.21716309,9.78125,
10.0,1558841030436.0,0.03137207,0.009391785,-0.0011138916,
2.0,1558841030489.0,-2.9394531,-136.125,-712.5,
9.0,1558841030490.0,-0.59716797,0.2199707,9.78125,
10.0,1558841030492.0,-0.016479492,0.08795166,-0.036956787,
2.0,1558841030493.0,-2.7695313,-135.875,-712.0,
9.0,1558841030494.0,-0.5966797,0.22058105,9.78125,
10.0,1558841030494.0,0.0025749207,0.058685303,-0.029769897,
2.0,1558841030495.0,-2.25,-136.75,-711.5,
9.0,1558841030495.0,-0.5966797,0.22058105,9.78125,
10.0,1558841030495.0,-0.030929565,-0.1854248,0.022888184,
2.0,1558841030549.0,-3.109375,-136.125,-711.0,
9.0,1558841030551.0,-0.5966797,0.2211914,9.78125,
10.0,1558841030552.0,0.059631348,0.08190918,0.034851074,
2.0,1558841030554.0,-1.5498047,-136.75,-712.5,
9.0,1558841030555.0,-0.5966797,0.2211914,9.78125,
10.0,1558841030555.0,0.028518677,0.024490356,0.0061302185,
2.0,1558841030556.0,-3.4589844,-136.125,-711.5,
9.0,1558841030556.0,-0.5966797,0.22155762,9.78125,
10.0,1558841030556.0,-0.0050582886,0.024093628,0.025283813,
2.0,1558841030592.0,-3.109375,-135.25,-711.5,
9.0,1558841030593.0,-0.5966797,0.22155762,9.78125,
10.0,1558841030594.0,0.035614014,0.11029053,-0.03933716,
2.0,1558841030595.0,-2.4199219,-136.125,-711.5,
9.0,1558841030595.0,-0.5961914,0.21716309,9.78125,
10.0,1558841030596.0,0.0043945313,-0.02407837,0.032348633,
2.0,1558841030650.0,-3.109375,-135.875,-711.0,
9.0,1558841030653.0,-0.5961914,0.21142578,9.78125,
10.0,1558841030653.0,0.023544312,-0.07342529,-0.0012798309,
2.0,1558841030654.0,-1.8994141,-136.75,-712.5,
9.0,1558841030655.0,-0.5961914,0.21020508,9.78125,
10.0,1558841030656.0,0.023345947,-0.03149414,0.0010738373,
2.0,1558841030656.0,-2.7695313,-135.5,-711.5,
9.0,1558841030656.0,-0.5961914,0.21020508,9.78125,
10.0,1558841030657.0,0.018554688,0.01876831,0.015434265,
2.0,1558841030711.0,-2.5898438,-136.5,-712.5,
9.0,1558841030712.0,-0.5961914,0.21032715,9.78125,
10.0,1558841030713.0,0.01838684,-0.019714355,-0.030044556,
2.0,1558841030715.0,-2.25,-136.125,-712.5,
9.0,1558841030716.0,-0.5961914,0.21032715,9.78125,
10.0,1558841030716.0,0.044708252,0.044921875,-0.0037193298,
2.0,1558841030717.0,-2.5898438,-136.75,-713.0,
9.0,1558841030719.0,-0.5957031,0.21032715,9.78125,
10.0,1558841030719.0,-0.015136719,-0.069885254,-0.008506775,
2.0,1558841030771.0,-3.2890625,-136.5,-711.5,
9.0,1558841030772.0,-0.5957031,0.21032715,9.78125,
10.0,1558841030773.0,0.015975952,0.021026611,-0.0013275146,
2.0,1558841030775.0,-2.25,-136.125,-711.5,
9.0,1558841030775.0,-0.5957031,0.21069336,9.78125,
10.0,1558841030778.0,0.032470703,0.0158844,0.027389526,
2.0,1558841030783.0,-2.7695313,-136.75,-712.0,
9.0,1558841030783.0,-0.5957031,0.21069336,9.78125,
10.0,1558841030783.0,0.054016113,-0.067871094,-0.0061187744,
2.0,1558841030832.0,-3.109375,-135.5,-712.0,
9.0,1558841030833.0,-0.5957031,0.21362305,9.78125,
10.0,1558841030834.0,0.0012798309,-0.008598328,-0.02999878,
2.0,1558841030836.0,-2.4199219,-136.5,-711.0,
9.0,1558841030838.0,-0.5957031,0.21362305,9.78125,
10.0,1558841030838.0,0.02760315,0.048858643,0.0035114288,
2.0,1558841030838.0,-3.109375,-136.125,-712.0,
9.0,1558841030839.0,-0.59521484,0.21411133,9.78125,
10.0,1558841030839.0,0.027389526,0.04119873,0.010688782,
2.0,1558841030892.0,-2.9394531,-136.75,-712.5,
9.0,1558841030894.0,-0.59521484,0.21411133,9.78125,
10.0,1558841030895.0,0.017807007,0.024429321,-0.018035889,
2.0,1558841030896.0,-1.7294922,-136.5,-712.0,
9.0,1558841030897.0,-0.59521484,0.2142334,9.78125,
10.0,1558841030897.0,-0.013336182,-0.03074646,0.029830933,
2.0,1558841030898.0,-3.109375,-136.75,-711.5,
9.0,1558841030899.0,-0.59521484,0.21557617,9.78125,
10.0,1558841030899.0,0.033233643,0.0012245178,-0.009735107,
2.0,1558841030953.0,-3.4589844,-136.5,-712.5,
9.0,1558841030954.0,-0.59521484,0.21765137,9.78125,
10.0,1558841030955.0,0.0016231537,0.06137085,-0.011734009,
2.0,1558841030957.0,-1.3798828,-136.5,-712.0,
9.0,1558841030957.0,-0.59521484,0.21765137,9.78125,
10.0,1558841030958.0,-0.0025615692,0.055541992,-0.019195557,
2.0,1558841030959.0,-2.7695313,-136.75,-712.0,
9.0,1558841030959.0,-0.59472656,0.21826172,9.78125,
10.0,1558841030959.0,0.046081543,0.019348145,-0.003929138,
2.0,1558841030995.0,-2.7695313,-136.5,-712.0,
9.0,1558841030996.0,-0.59472656,0.21826172,9.78125,
10.0,1558841030997.0,0.019882202,0.0040359497,0.025894165,
2.0,1558841030998.0,-1.7294922,-136.125,-711.5,
9.0,1558841030999.0,-0.59521484,0.21801758,9.78125,
10.0,1558841030999.0,-0.055511475,-0.107055664,0.036499023,
2.0,1558841031054.0,-3.2890625,-136.125,-711.0,
9.0,1558841031055.0,-0.59521484,0.21801758,9.78125,
10.0,1558841031057.0,-0.00038027763,0.029586792,-0.036346436,
2.0,1558841031057.0,-2.4199219,-136.5,-712.0,
9.0,1558841031059.0,-0.59472656,0.21850586,9.78125,
10.0,1558841031059.0,0.009231567,0.029312134,-0.012001038,
2.0,1558841031060.0,-2.5898438,-136.75,-711.0,
9.0,1558841031060.0,-0.59472656,0.21850586,9.78125,
10.0,1558841031060.0,-0.0002734661,-0.009216309,0.025177002,
2.0,1558841031114.0,-2.7695313,-136.5,-710.0,
9.0,1558841031115.0,-0.59472656,0.21850586,9.78125,
10.0,1558841031116.0,-0.02154541,-0.017150879,0.0048828125,
2.0,1558841031119.0,-2.7695313,-136.125,-711.5,
9.0,1558841031121.0,-0.59472656,0.21887207,9.78125,
10.0,1558841031121.0,0.009559631,0.0032482147,0.009765625,
2.0,1558841031121.0,-2.25,-136.5,-711.0,
9.0,1558841031121.0,-0.59472656,0.21887207,9.78125,
10.0,1558841031122.0,0.029067993,0.035583496,-0.03086853,
2.0,1558841031174.0,-2.5898438,-136.75,-712.5,
9.0,1558841031176.0,-0.5942383,0.21936035,9.78125,
10.0,1558841031177.0,0.01171875,0.016738892,-0.0075531006,
2.0,1558841031178.0,-2.0683594,-136.5,-711.5,
9.0,1558841031181.0,-0.5942383,0.21936035,9.78125,
10.0,1558841031182.0,-0.01763916,0.03488159,0.015213013,
2.0,1558841031184.0,-1.5498047,-136.5,-710.0,
9.0,1558841031184.0,-0.5942383,0.21936035,9.78125,
10.0,1558841031184.0,0.109191895,-0.10632324,-0.3486328,
2.0,1558841031235.0,-3.109375,-136.125,-711.0,
9.0,1558841031238.0,-0.6010742,0.23242188,9.78125,
10.0,1558841031239.0,-0.12335205,-0.08099365,0.27197266,
2.0,1558841031242.0,-2.25,-136.75,-713.0,
9.0,1558841031242.0,-0.6035156,0.23657227,9.78125,
10.0,1558841031243.0,-0.45141602,0.47485352,0.2890625,
2.0,1558841031243.0,-2.25,-136.75,-711.5,
9.0,1558841031243.0,-0.59375,0.22241211,9.78125,
10.0,1558841031243.0,0.4819336,-0.46118164,-0.38208008,
2.0,1558841031296.0,-3.6289063,-135.875,-711.0,
9.0,1558841031298.0,-0.5917969,0.21850586,9.78125,
10.0,1558841031299.0,-0.2619629,0.2631836,0.1538086,
2.0,1558841031301.0,-2.4199219,-136.5,-712.0,
9.0,1558841031302.0,-0.59277344,0.21289063,9.78125,
10.0,1558841031303.0,0.13171387,-0.1619873,-0.0209198,
2.0,1558841031303.0,-2.9394531,-136.125,-713.0,
9.0,1558841031303.0,-0.5917969,0.21191406,9.78125,
10.0,1558841031304.0,-0.077697754,-0.010238647,0.0053100586,
2.0,1558841031357.0,-3.109375,-136.125,-711.0,
9.0,1558841031359.0,-0.5917969,0.21191406,9.78125,
10.0,1558841031360.0,0.02519226,0.087890625,0.0029182434,
2.0,1558841031362.0,-1.8994141,-136.75,-711.5,
9.0,1558841031365.0,-0.5917969,0.2121582,9.78125,
10.0,1558841031366.0,-0.008407593,-0.034484863,-0.040161133,
2.0,1558841031367.0,-2.0683594,-137.0,-712.0,
9.0,1558841031369.0,-0.5917969,0.2121582,9.78125,
10.0,1558841031369.0,-0.020370483,-0.027297974,0.0029182434,
2.0,1558841031417.0,-3.109375,-137.0,-710.0,
9.0,1558841031419.0,-0.5917969,0.2121582,9.78125,
10.0,1558841031422.0,-0.0060157776,-0.058410645,0.026855469,
2.0,1558841031424.0,-2.9394531,-136.125,-710.5,
9.0,1558841031424.0,-0.5913086,0.21252441,9.78125,
10.0,1558841031425.0,0.02722168,-0.018096924,-0.009056091,
2.0,1558841031425.0,-2.4199219,-137.0,-711.0,
9.0,1558841031425.0,-0.5913086,0.21252441,9.78125,
10.0,1558841031426.0,-0.0038890839,0.008224487,-0.018630981,
2.0,1558841031478.0,-2.5898438,-136.5,-712.5,
9.0,1558841031481.0,-0.5913086,0.21289063,9.78125,
10.0,1558841031482.0,-0.039764404,-0.027999878,0.04598999,
2.0,1558841031483.0,-2.4199219,-135.875,-712.5,
9.0,1558841031484.0,-0.5913086,0.21289063,9.78125,
10.0,1558841031485.0,0.027267456,-0.006454468,-0.021011353,
2.0,1558841031485.0,-1.8994141,-136.125,-712.5,
9.0,1558841031485.0,-0.5913086,0.21289063,9.78125,
10.0,1558841031486.0,0.008110046,-0.020812988,0.0053138733,
2.0,1558841031538.0,-3.2890625,-136.125,-712.5,
9.0,1558841031541.0,-0.5913086,0.2133789,9.78125,
10.0,1558841031542.0,-0.008735657,-0.002122879,-0.0066490173,
2.0,1558841031544.0,-2.25,-136.5,-712.5,
9.0,1558841031544.0,-0.5913086,0.2133789,9.78125,
10.0,1558841031544.0,-0.0135269165,-0.042816162,0.010101318,
2.0,1558841031545.0,-2.25,-137.0,-712.5,
9.0,1558841031545.0,-0.5908203,0.21386719,9.78125,
10.0,1558841031545.0,0.045959473,0.023620605,-0.0018720627,
2.0,1558841031598.0,-2.4199219,-136.75,-712.5,
9.0,1558841031601.0,-0.5908203,0.21386719,9.78125,
10.0,1558841031602.0,0.010047913,-0.057769775,-0.011444092,
2.0,1558841031609.0,-2.5898438,-136.125,-712.5,
9.0,1558841031609.0,-0.5908203,0.21386719,9.78125,
10.0,1558841031610.0,0.010047913,-0.045776367,0.014884949,
2.0,1558841031610.0,-2.0683594,-136.5,-712.0,
9.0,1558841031611.0,-0.5908203,0.21447754,9.78125,
10.0,1558841031611.0,0.005092621,0.013519287,0.0053100586,
2.0,1558841031659.0,-3.6289063,-136.5,-711.5,
9.0,1558841031662.0,-0.5908203,0.21447754,9.78125,
10.0,1558841031663.0,-0.016448975,-0.027175903,0.0029144287,
2.0,1558841031665.0,-2.7695313,-136.5,-711.5,
9.0,1558841031666.0,-0.5908203,0.21496582,9.78125,
10.0,1558841031666.0,-0.014122009,-0.0013046265,-0.016220093,
2.0,1558841031666.0,-2.25,-137.0,-710.5,
9.0,1558841031667.0,-0.5908203,0.21496582,9.78125,
10.0,1558841031667.0,-0.01651001,0.0010881424,0.002922058,
2.0,1558841031719.0,-1.7294922,-136.125,-711.5,
9.0,1558841031733.0,-0.5908203,0.21496582,9.78125,
10.0,1558841031733.0,0.009811401,0.060943604,0.007709503,
2.0,1558841031734.0,-1.8994141,-135.875,-712.5,
9.0,1558841031734.0,-0.5908203,0.21533203,9.78125,
10.0,1558841031734.0,-0.014198303,-0.0112838745,0.010108948,
2.0,1558841031735.0,-2.4199219,-136.5,-711.5,
9.0,1558841031735.0,-0.5908203,0.21533203,9.78125,
10.0,1558841031735.0,-0.009414673,-0.054382324,0.0029258728,
2.0,1558841031779.0,-2.25,-136.5,-711.0,
9.0,1558841031782.0,-0.5908203,0.21862793,9.78125,
10.0,1558841031784.0,-0.014266968,0.021362305,-0.016143799,
2.0,1558841031786.0,-2.7695313,-136.75,-710.0,
9.0,1558841031789.0,-0.5908203,0.21862793,9.78125,
10.0,1558841031791.0,-0.009483337,0.08117676,0.014961243,
2.0,1558841031792.0,-2.5898438,-136.5,-710.5,
9.0,1558841031792.0,-0.5908203,0.21862793,9.78125,
10.0,1558841031793.0,-0.028625488,0.009399414,0.012565613,
2.0,1558841031840.0,-3.6289063,-136.75,-711.5,
9.0,1558841031843.0,-0.5908203,0.21911621,9.78125,
10.0,1558841031845.0,-0.031021118,0.008888245,0.0077934265,
2.0,1558841031846.0,-2.9394531,-136.125,-711.0,
9.0,1558841031847.0,-0.5908203,0.21911621,9.78125,
10.0,1558841031847.0,0.016845703,0.054382324,-0.04486084,
2.0,1558841031847.0,-3.109375,-136.5,-711.0,
9.0,1558841031848.0,-0.59033203,0.21972656,9.78125,
10.0,1558841031848.0,-0.0024356842,0.04888916,0.026947021,
2.0,1558841031901.0,-2.5898438,-136.75,-711.5,
9.0,1558841031903.0,-0.59033203,0.21972656,9.78125,
10.0,1558841031904.0,-4.172325e-05,0.03213501,0.012588501,
2.0,1558841031906.0,-2.0683594,-135.875,-711.5,
9.0,1558841031906.0,-0.59033203,0.21972656,9.78125,
10.0,1558841031907.0,-0.0024356842,0.0034065247,-0.0065612793,
2.0,1558841031907.0,-2.25,-135.875,-711.0,
9.0,1558841031907.0,-0.5908203,0.22021484,9.78125,
10.0,1558841031908.0,-0.045440674,-0.008987427,-0.013725281,
2.0,1558841031961.0,-3.4589844,-135.875,-711.5,
9.0,1558841031963.0,-0.5908203,0.22021484,9.78125,
10.0,1558841031964.0,-0.007144928,-0.028137207,0.01020813,
2.0,1558841031966.0,-2.25,-135.25,-711.0,
9.0,1558841031967.0,-0.59033203,0.22058105,9.78125,
10.0,1558841031968.0,0.014190674,-0.021316528,-0.00894165,
2.0,1558841031968.0,-2.5898438,-136.5,-711.5,
9.0,1558841031969.0,-0.59033203,0.22058105,9.78125,
10.0,1558841031969.0,0.011795044,-0.018920898,0.01259613,
2.0,1558841032004.0,-2.5898438,-136.75,-711.0,
9.0,1558841032006.0,-0.59033203,0.22058105,9.78125,
10.0,1558841032007.0,0.0070114136,-0.050048828,0.0030231476,
2.0,1558841032007.0,-1.7294922,-136.5,-711.5,
9.0,1558841032008.0,-0.58935547,0.22167969,9.78125,
10.0,1558841032009.0,0.25463867,0.11395264,-0.51416016,
